,id,input_a,input_b,output_add,output_sub,output_add_MR1,output_sub_MR1,output_add_MR2,output_sub_MR2,output_add_MR3,output_sub_MR3,output_add_MR4,output_sub_MR4
0,f2YwwcFnsjXPtUEhMMoXWd,10,10,20,0,20,0,60,0,26,0,14,0
1,BCDTUmJEyvjCDdzSWWz5y5,20,10,30,10,30,-10,90,30,36,10,24,10
2,8t9iN69hdKz3Z8w7ErSXnW,12,10,22,2,22,-2,66,6,28,2,16,2
3,jYuKLAjF7MQrpy67Yibukj,20,12,32,8,32,-8,96,24,38,8,26,8
4,H6sFyJXtVbetVeruezfnqF,23,12,35,11,35,-11,105,33,41,11,29,11
5,9ybCth9wK94jZyqth9nvWE,23,16,39,7,39,-7,117,21,45,7,33,7
6,WMDzwGMnooM3CEokBn7n8y,23,24,47,-1,47,1,141,-3,53,-1,41,-1
7,j8vdisPRUomqBysDAfVQWh,13,10,23,3,23,-3,69,9,29,3,17,3
8,VgqYUYaciQJKovVWh87RkJ,13,10,23,3,23,-3,69,9,29,3,17,3
9,fFrj3TbPq6pgCW2WDrKovK,20,13,33,7,33,-7,99,21,39,7,27,7
10,Jq8MoTozyAu8CLd87vuaAm,20,25,45,-5,45,5,135,-15,51,-5,39,-5
11,EMChWm6wRUsoBZyqTDXCaD,20,25,45,-5,45,5,135,-15,51,-5,39,-5
12,HsK6MMtocBfzwVv2GrTmuz,10,10,20,0,20,0,60,0,26,0,14,0
13,iZzuymmkwLEWhCy24uf8QV,10,10,20,0,20,0,60,0,26,0,14,0
14,jqpGpt2k42AD8y6eP3GMFi,20,10,30,10,30,-10,90,30,36,10,24,10
15,DFTs6cZaFmaBXMGYc8ppn8,20,10,30,10,30,-10,90,30,36,10,24,10
16,g4WCyFZxMxiVmv2GP9eTyt,20,18,38,2,38,-2,114,6,44,2,32,2
17,V3ETKex6JWwysrNzf2Eg4t,20,10,30,10,30,-10,90,30,36,10,24,10
18,Q5Rd6ikyyRWETXo22RmP89,20,10,30,10,30,-10,90,30,36,10,24,10
19,6VqD7akoxuSELDDP9KpsMA,24,10,34,14,34,-14,102,42,40,14,28,14
20,99X2dts8Gh3ZVQrjubMLdM,12,10,22,2,22,-2,66,6,28,2,16,2
21,mEMMGyPLnSSWo6EPo8NrmZ,11,10,21,1,21,-1,63,3,27,1,15,1
22,iqB7NCiAYr9PzFaQYsqrkY,20,10,30,10,30,-10,90,30,36,10,24,10
23,7iiUoyhXHHFaeKVgBwpFby,20,26,46,-6,46,6,138,-18,52,-6,40,-6
24,AWc9mCuYuWxczChsE4bFnQ,20,26,46,-6,46,6,138,-18,52,-6,40,-6
25,mHkRjiuWUn68mpv4uaAc8e,20,26,46,-6,46,6,138,-18,52,-6,40,-6
26,ChQr22GVA4HAfU46L6JxBz,20,26,46,-6,46,6,138,-18,52,-6,40,-6
27,ZPa7ma4XrbzBipUTXbCojL,20,10,30,10,30,-10,90,30,36,10,24,10
28,gUufLVYJUYg48DTDA3vfJV,20,10,30,10,30,-10,90,30,36,10,24,10
29,B4mvFFJoQQMWajSX5iUuCU,20,20,40,0,40,0,120,0,46,0,34,0
30,dJnxuAFhAu9DXdvZyEJEAP,20,20,40,0,40,0,120,0,46,0,34,0
31,7QiLfWZ9oD4vzXogiLcSHw,12,20,32,-8,32,8,96,-24,38,-8,26,-8
32,WkkQL3eCejH6wmF7tKHpcC,20,20,40,0,40,0,120,0,46,0,34,0
33,3KpqBM5fCracTmqgQUnLWG,17,20,37,-3,37,3,111,-9,43,-3,31,-3
34,KuzQnxS5VotvC7MbsyjDdG,17,20,37,-3,37,3,111,-9,43,-3,31,-3
35,HCEyvdfaqnswV5u3XoDf6G,29,20,49,9,49,-9,147,27,55,9,43,9
36,VJcDtir5YWYa5GbB3j5TCG,29,20,49,9,49,-9,147,27,55,9,43,9
37,ik9UKUCyo8K9RpCGZSCgSJ,20,20,40,0,40,0,120,0,46,0,34,0
38,VYuhTT7M2JusRaiiWQWQc9,20,20,40,0,40,0,120,0,46,0,34,0
39,BxYEgxNwHLs3H7vHAVjgGd,20,20,40,0,40,0,120,0,46,0,34,0
40,GZCGhK5PsnLYTS6jhqRPen,20,23,43,-3,43,3,129,-9,49,-3,37,-3
41,npadxL55hiNrgR4aBwxBNc,23,10,33,13,33,-13,99,39,39,13,27,13
42,aTeJcXewsEnAQhQBRtuAwd,23,20,43,3,43,-3,129,9,49,3,37,3
43,WkxkHJ8AqcPhXwLBLYPwTD,20,20,40,0,40,0,120,0,46,0,34,0
44,aFJyE8HKPg3vDNTQjTnizx,20,10,30,10,30,-10,90,30,36,10,24,10
45,SM84JRZUnoLGzcHgwKEGiu,12,20,32,-8,32,8,96,-24,38,-8,26,-8
46,SRXmyDkfRMoy3jQzZDrb6U,23,12,35,11,35,-11,105,33,41,11,29,11
47,NrYHpozdkBPcT4XrEJPEkY,20,20,40,0,40,0,120,0,46,0,34,0
48,d3UWrU6R7sVsGLHgVc4Yx3,20,20,40,0,40,0,120,0,46,0,34,0
49,egy8wQVhiM6Me7SfysYaNU,20,20,40,0,40,0,120,0,46,0,34,0
50,bmqhfSVYtgFy8nK3a8Zwsm,15,10,25,5,25,-5,75,15,31,5,19,5
51,P7KQC5fofExRg7o8P65K64,24,15,39,9,39,-9,117,27,45,9,33,9
52,mVpRzMPZLu4Bky42pwNsrs,20,10,30,10,30,-10,90,30,36,10,24,10
53,a72p4qsoNWS7Hfxys4Aw5J,20,10,30,10,30,-10,90,30,36,10,24,10
54,czWStBVWn3i7rmwLB94ipA,20,10,30,10,30,-10,90,30,36,10,24,10
55,fkG5oBMvKrs4sWrMXbDEvr,18,10,28,8,28,-8,84,24,34,8,22,8
56,UpKbYseS6uLHQHsxq5DKwU,18,10,28,8,28,-8,84,24,34,8,22,8
57,jqU5EMBaXA6nCcDHRYGTem,20,10,30,10,30,-10,90,30,36,10,24,10
58,LMP6nRp8DUEzwrveAC4hJu,28,10,38,18,38,-18,114,54,44,18,32,18
59,UgYsbzjFufH2rcdFhAWAzX,15,10,25,5,25,-5,75,15,31,5,19,5
60,TcbNTMmamDjSLrh6Ejm6KN,28,10,38,18,38,-18,114,54,44,18,32,18
61,9nRtnR6R4fSnRtTWiTNyxo,28,10,38,18,38,-18,114,54,44,18,32,18
62,UAQHASxeSu2CwN7ayKGrBS,20,10,30,10,30,-10,90,30,36,10,24,10
63,aaH32695L96ecjnewfdKpS,21,10,31,11,31,-11,93,33,37,11,25,11
64,HaYgUxfhyvNKfQ52BLjnif,13,10,23,3,23,-3,69,9,29,3,17,3
65,bQFCpsrgGUHz9yrTAESBXC,13,10,23,3,23,-3,69,9,29,3,17,3
66,QBnCnX93oiRsc2i4Rwwria,20,10,30,10,30,-10,90,30,36,10,24,10
67,g8G8Uku8WpeQQotkbZjkjA,20,20,40,0,40,0,120,0,46,0,34,0
68,guGSjajowBL7XWgKpTTQf2,12,20,32,-8,32,8,96,-24,38,-8,26,-8
69,PwygYgcTQp6kkGSvEhY7z8,12,20,32,-8,32,8,96,-24,38,-8,26,-8
70,SXEz3un9EuoKozseCQtWeS,21,12,33,9,33,-9,99,27,39,9,27,9
71,49fcwQYh2iHNpGggnnipWo,14,23,37,-9,37,9,111,-27,43,-9,31,-9
72,E9mK7t7xSdo27AZzDDe7Qw,24,10,34,14,34,-14,102,42,40,14,28,14
73,8xykcmDEYQBj3zUegQASXf,20,10,30,10,30,-10,90,30,36,10,24,10
74,dZMYsqZRXuzuxkK7r7GL2F,12,10,22,2,22,-2,66,6,28,2,16,2
75,PfCRfPQGg2i9hCtsn5n2Pv,12,12,24,0,24,0,72,0,30,0,18,0
76,dEc6qsVFpCCe3HPzrtfzwg,20,12,32,8,32,-8,96,24,38,8,26,8
77,eNJUcFnbPuiLeZUJhyHCDN,11,20,31,-9,31,9,93,-27,37,-9,25,-9
78,RnyEbJdfcphzf8yPVPAkWJ,20,11,31,9,31,-9,93,27,37,9,25,9
79,KthP35kCG9MuHqJihoXaZg,20,20,40,0,40,0,120,0,46,0,34,0
80,T2MQi5FhfpDDD9W3LmdQj3,20,27,47,-7,47,7,141,-21,53,-7,41,-7
81,Ew92z4gFes6aUeRcVqCErr,20,27,47,-7,47,7,141,-21,53,-7,41,-7
82,cG3yuUMw4bpqfwWpqtbvzh,20,20,40,0,40,0,120,0,46,0,34,0
83,6pY4zMFmwjPpzGBMk5ks8Y,12,10,22,2,22,-2,66,6,28,2,16,2
84,kJkeLssDV5dCnUhMMB8sT2,12,12,24,0,24,0,72,0,30,0,18,0
85,eDUU3WgzvG3tcVSnL3ok8R,12,12,24,0,24,0,72,0,30,0,18,0
86,QxvMp2igVWhYFEBpgZwPwR,12,12,24,0,24,0,72,0,30,0,18,0
87,E5W2eQtM3YNa4yWzWRMZUj,24,10,34,14,34,-14,102,42,40,14,28,14
88,MvHQRkyeREmRNQwbNWBcju,21,10,31,11,31,-11,93,33,37,11,25,11
89,8PyWDJ8qBNeJV8j6KBJHiH,21,18,39,3,39,-3,117,9,45,3,33,3
90,bRa4zEaSjMZfjYBcjkCsnR,13,21,34,-8,34,8,102,-24,40,-8,28,-8
91,RYbjXijLQEsiZ442PcSSaj,27,13,40,14,40,-14,120,42,46,14,34,14
92,BxhgzD3Vn5x58jueEbkrT2,17,10,27,7,27,-7,81,21,33,7,21,7
93,RTCMVBDCsCZfzZHtxnfzDU,12,10,22,2,22,-2,66,6,28,2,16,2
94,Z4BozchBj2hxbykXpkKvbu,12,27,39,-15,39,15,117,-45,45,-15,33,-15
95,BTF29noezdjjRwk6WsTAtY,24,27,51,-3,51,3,153,-9,57,-3,45,-3
96,LH76uXr7NnkSAynZZeQ2MH,24,24,48,0,48,0,144,0,54,0,42,0
97,BH8Kz2aJLD4Nq4jYFbAGzy,12,10,22,2,22,-2,66,6,28,2,16,2
98,cFyqMqnZLUSDFVBzYkptgp,20,10,30,10,30,-10,90,30,36,10,24,10
99,HWeqAg7zXvw9trHAHgBYWy,20,10,30,10,30,-10,90,30,36,10,24,10
100,fLipnbWshDpEQn5iupgDPT,11,10,21,1,21,-1,63,3,27,1,15,1
101,c39M5TYZ3fQaeB2XcsoDy5,19,10,29,9,29,-9,87,27,35,9,23,9
102,beXVUSrwUDuqCsJhNLLufj,20,20,40,0,40,0,120,0,46,0,34,0
103,Lcz8ZmXvtWn5GeiS794L42,20,15,35,5,35,-5,105,15,41,5,29,5
104,cWMBgNTdKxjLQpMryMTrEC,20,20,40,0,40,0,120,0,46,0,34,0
105,gPZvSpXjmr7FfuFeG36XoK,20,20,40,0,40,0,120,0,46,0,34,0
106,WV9gxiPxaD8Qqgy8XZ4YX3,20,15,35,5,35,-5,105,15,41,5,29,5
107,B8WRXGbR7H7wvpB8VvZxqF,20,20,40,0,40,0,120,0,46,0,34,0
108,gDWMPzbBXeAAwL7WzMQneb,20,20,40,0,40,0,120,0,46,0,34,0
109,Q3SPqr8abi8ogYwAxz2cQy,20,20,40,0,40,0,120,0,46,0,34,0
110,ibBLwBpqrWfK5v6kroXbhZ,20,21,41,-1,41,1,123,-3,47,-1,35,-1
111,9tLWd6Tg5SFTBXZeg3zpGn,20,21,41,-1,41,1,123,-3,47,-1,35,-1
112,dgunRKdxDmwSDGAsemmXYn,24,10,34,14,34,-14,102,42,40,14,28,14
113,bLVPwxX2yWXtdtHgCcbnUp,19,24,43,-5,43,5,129,-15,49,-5,37,-5
114,UU45knCmRmFC7URBYcysZp,24,10,34,14,34,-14,102,42,40,14,28,14
115,dYEzHbzdvzuDYc2aRYTo8f,20,24,44,-4,44,4,132,-12,50,-4,38,-4
116,X9e7jDjUvMWXR5ZVxfpoiF,20,10,30,10,30,-10,90,30,36,10,24,10
117,SDtEm5KLXLUaAkfMk4vdrk,19,10,29,9,29,-9,87,27,35,9,23,9
118,X4ZKccAttARhUc2qYsCeUB,20,19,39,1,39,-1,117,3,45,1,33,1
119,dyTDAvPPJEgYFMYnfvMMW7,15,19,34,-4,34,4,102,-12,40,-4,28,-4
120,5skzKJXcet3zFFvicXSusi,10,15,25,-5,25,5,75,-15,31,-5,19,-5
121,TS3tFi8gudhAPEF6FnT6AJ,10,27,37,-17,37,17,111,-51,43,-17,31,-17
122,TwuvPPhNZFWABKXMvT8o7z,20,20,40,0,40,0,120,0,46,0,34,0
123,G5oPJhjkrnjfWLno4qAPhK,23,20,43,3,43,-3,129,9,49,3,37,3
124,2q8PtunZvg63EMLVaay3HM,25,25,50,0,50,0,150,0,56,0,44,0
125,A82ijEPsLd6uEz6mjmNUd8,10,25,35,-15,35,15,105,-45,41,-15,29,-15
126,ZvhAWjrGgDfJjcVGTa3w2B,10,25,35,-15,35,15,105,-45,41,-15,29,-15
127,6pbGbTcmXiAWmf2HyWmCia,23,20,43,3,43,-3,129,9,49,3,37,3
128,B5YcnwvvzHDrvw9N9GcRX2,23,10,33,13,33,-13,99,39,39,13,27,13
129,8KZNNbx3fiuR6pLbajaGLe,23,10,33,13,33,-13,99,39,39,13,27,13
130,e3oUpoGnNnP9GLkGLL3gNq,11,10,21,1,21,-1,63,3,27,1,15,1
131,DECDQA3XSzTRGdXFWFATXj,11,14,25,-3,25,3,75,-9,31,-3,19,-3
132,ACK6BoJ9UN2YGQp3woqDzH,10,10,20,0,20,0,60,0,26,0,14,0
133,2poc2if4KPvtB4P2J6s7aM,12,10,22,2,22,-2,66,6,28,2,16,2
134,GrCsxsqQ85N5n6kttB8mQh,28,10,38,18,38,-18,114,54,44,18,32,18
135,jjNcDdSQbD8F6bw82tiWiy,29,10,39,19,39,-19,117,57,45,19,33,19
136,LQxjL75LCSngV5Pt6Sks7q,29,10,39,19,39,-19,117,57,45,19,33,19
137,jCd5iMkW94JUo5s6Guffyj,12,10,22,2,22,-2,66,6,28,2,16,2
138,2snYUm8cwxzsaZ2Q9diLep,12,13,25,-1,25,1,75,-3,31,-1,19,-1
139,mQVP7wF4EruMiBgJm9JKzi,20,13,33,7,33,-7,99,21,39,7,27,7
140,Mt8Kn2kDcCYrKM5xUohG6P,20,13,33,7,33,-7,99,21,39,7,27,7
141,WPScAcvRMQp9aSNwvxFbed,20,13,33,7,33,-7,99,21,39,7,27,7
142,Z2zxNAfK6P5QP2tzUvAGMw,20,10,30,10,30,-10,90,30,36,10,24,10
143,P5zSBrLDr8chP7ubRYrAsW,20,27,47,-7,47,7,141,-21,53,-7,41,-7
144,RTnQTx9iCVEXGoaXoffCCc,12,27,39,-15,39,15,117,-45,45,-15,33,-15
145,ZrcMyKjbdaNwMwhgX9mfeS,12,27,39,-15,39,15,117,-45,45,-15,33,-15
146,mwKqfApCnagzN8Xfr4ZwSk,12,12,24,0,24,0,72,0,30,0,18,0
147,AaLkhCwdHuriod2t3mzJTt,28,10,38,18,38,-18,114,54,44,18,32,18
148,A7oMjP7F5b3B8YFmRm9QpJ,15,10,25,5,25,-5,75,15,31,5,19,5
149,4pwxqsfBrzndq3ijPdTZNr,20,10,30,10,30,-10,90,30,36,10,24,10
150,Xp67fSnYBmiMQT6t5jBnLR,22,10,32,12,32,-12,96,36,38,12,26,12
151,fNFekBPB4Vsx6jWJqMErWG,22,10,32,12,32,-12,96,36,38,12,26,12
152,RtDs9EfVuKZ9UmVVT5pFZa,20,20,40,0,40,0,120,0,46,0,34,0
153,AtYEGKYFZHrxDoS3YBb5T5,20,20,40,0,40,0,120,0,46,0,34,0
154,B8CLYufPzebTMmLMJiTBXq,20,20,40,0,40,0,120,0,46,0,34,0
155,V2jKhtxAwQtLdamBUPjVX9,20,20,40,0,40,0,120,0,46,0,34,0
156,YPz2JbV7afWj2KSVBgZvfg,20,21,41,-1,41,1,123,-3,47,-1,35,-1
157,TUkFM5gEu9TJkAyfH8j8MZ,15,10,25,5,25,-5,75,15,31,5,19,5
158,RqBSXLAjsvdZKsMtV4y9ZA,20,15,35,5,35,-5,105,15,41,5,29,5
159,7ne72crdtX5VCjmZNnUv4L,23,20,43,3,43,-3,129,9,49,3,37,3
160,EaguZF9SFFWEDUCJpKFGU5,20,15,35,5,35,-5,105,15,41,5,29,5
161,DebDCFgpWpyo4M9sbpfAs8,20,11,31,9,31,-9,93,27,37,9,25,9
162,dJKuCtnaFAYFf4QQvJPDhG,20,20,40,0,40,0,120,0,46,0,34,0
163,iE8nh64pPurcVYuyFMafPm,20,20,40,0,40,0,120,0,46,0,34,0
164,fpKbin3GYibkPYYNFKwXY6,20,20,40,0,40,0,120,0,46,0,34,0
165,hoGtb3bYPp2YxyxxeiDS7U,13,20,33,-7,33,7,99,-21,39,-7,27,-7
166,joShnJ8jYtwQWojcdefdF9,13,20,33,-7,33,7,99,-21,39,-7,27,-7
167,aLLfK3VbDJyAm9SKjA4bdy,20,10,30,10,30,-10,90,30,36,10,24,10
168,3xY7wRuh3AJpfyALjsXuNr,20,10,30,10,30,-10,90,30,36,10,24,10
169,CptU8AJc6CofEb3iQAhjmE,20,10,30,10,30,-10,90,30,36,10,24,10
170,WE3eu8Qr8hERH38i2LK3Zt,21,10,31,11,31,-11,93,33,37,11,25,11
171,AoZwNiJunaA9eS2vvbkCwh,14,21,35,-7,35,7,105,-21,41,-7,29,-7
172,aaFwyHRJGXLvx3fiXP5pFf,20,10,30,10,30,-10,90,30,36,10,24,10
173,bwC7dV4c7UEDKfULM69WSM,28,10,38,18,38,-18,114,54,44,18,32,18
174,KdxRNmh34vb2tk6awfpuYM,28,28,56,0,56,0,168,0,62,0,50,0
175,jesFo9wD3P5h7DCdqGkML7,28,10,38,18,38,-18,114,54,44,18,32,18
176,ZMv2sbmjKiXXtqGg5YGByH,12,10,22,2,22,-2,66,6,28,2,16,2
177,9hxqwdkRdf3wdFmSuXPB2j,25,20,45,5,45,-5,135,15,51,5,39,5
178,cVtS3ZxarsGCNyHMbwVLjM,25,18,43,7,43,-7,129,21,49,7,37,7
179,6m5yBTtCiACpxfsFFhYKB2,12,10,22,2,22,-2,66,6,28,2,16,2
180,gzE6UUguy9JyYP9vnMRkEr,12,12,24,0,24,0,72,0,30,0,18,0
181,JhkJYfAf7fbqsPpJLZ7Z9Y,16,12,28,4,28,-4,84,12,34,4,22,4
182,EvD9XsFszS4qSYx4EzNspc,20,10,30,10,30,-10,90,30,36,10,24,10
183,b8W9pgx8LRQdJVMWib9da5,12,10,22,2,22,-2,66,6,28,2,16,2
184,YxwG8HGNnAe6SC7kVmH54i,12,10,22,2,22,-2,66,6,28,2,16,2
185,nnjkHXwPX2sA8maApPwJqP,14,12,26,2,26,-2,78,6,32,2,20,2
186,6Q6xV7YwzeXzKa8sf3Hysu,14,10,24,4,24,-4,72,12,30,4,18,4
187,4aHkjPRJSwmys6XMhA5uAd,28,10,38,18,38,-18,114,54,44,18,32,18
188,e9RFLX3puyqb5M2aHxFibW,16,10,26,6,26,-6,78,18,32,6,20,6
189,mGVGF4cGNeq22VwdBDMGcR,16,10,26,6,26,-6,78,18,32,6,20,6
190,ejNn8ghqorCUu3qNhWbSik,12,10,22,2,22,-2,66,6,28,2,16,2
191,hfvTzYSRrsRKTDtvGbHnz5,12,12,24,0,24,0,72,0,30,0,18,0
192,AiAuPduf8bB9vLXn33dLVq,12,10,22,2,22,-2,66,6,28,2,16,2
193,T7uvYT7SWY397ZffRpxfWY,12,10,22,2,22,-2,66,6,28,2,16,2
194,2uMXtx3NwS9qP7RzAkMgow,20,12,32,8,32,-8,96,24,38,8,26,8
195,Sxe37Jhkp2UGMFEZ5CYzk4,10,12,22,-2,22,2,66,-6,28,-2,16,-2
196,Js8bmhy7BgJgXTyXTu63fG,26,12,38,14,38,-14,114,42,44,14,32,14
197,MPBFoYpsD6KrQQwxCsh2VZ,20,10,30,10,30,-10,90,30,36,10,24,10
198,ahbeLqRF9RZkkfEWkSQgqb,20,10,30,10,30,-10,90,30,36,10,24,10
199,fedTkLY6AdEvNQt8D2DM6j,20,18,38,2,38,-2,114,6,44,2,32,2
200,P5Fg4UrWCsqEfjcpiLGhki,20,20,40,0,40,0,120,0,46,0,34,0
201,UMFZuD3bZaBRk5KZbeS97p,20,20,40,0,40,0,120,0,46,0,34,0
202,kecoXqjmMKvzbBEFXPug6K,24,10,34,14,34,-14,102,42,40,14,28,14
203,H8XAKHD7JWtGp6CTv9NHip,20,24,44,-4,44,4,132,-12,50,-4,38,-4
204,gatKdv2JwPavvqYmkyu6s9,20,24,44,-4,44,4,132,-12,50,-4,38,-4
205,oF2UJNacuZQ2HoFUQGyrMm,25,25,50,0,50,0,150,0,56,0,44,0
206,MRarYEW7PrgvCPUzpfKDdn,25,25,50,0,50,0,150,0,56,0,44,0
207,Zp7vv9y5HgMqpqLqeAwt7V,28,10,38,18,38,-18,114,54,44,18,32,18
208,5xCqPGXGMqsP3GX79Mzwv4,28,10,38,18,38,-18,114,54,44,18,32,18
209,caAPpgsAZ2qqSkPW3okiDw,28,10,38,18,38,-18,114,54,44,18,32,18
210,7dGz49DuyrD9TF4uW4B5LG,28,16,44,12,44,-12,132,36,50,12,38,12
211,LNU7C48jLzgEexpEdDMMtz,28,25,53,3,53,-3,159,9,59,3,47,3
212,6rQvFiWPLWCxJ9mykKwexw,26,26,52,0,52,0,156,0,58,0,46,0
213,HYuJv6bmtFPceAZkGo7EVm,26,24,50,2,50,-2,150,6,56,2,44,2
214,D42EYLWWMfHJ5SJ2kAvB5G,26,24,50,2,50,-2,150,6,56,2,44,2
215,aM3imG8phqsZd4Q7TGRufg,26,24,50,2,50,-2,150,6,56,2,44,2
216,TMTMzxbeHYHKVuPi6YWdiM,10,24,34,-14,34,14,102,-42,40,-14,28,-14
217,NUR6mYJxxmoXvQE6DiCcaV,16,16,32,0,32,0,96,0,38,0,26,0
218,CVbGg8Xfj6XAidmFJPnhWR,16,16,32,0,32,0,96,0,38,0,26,0
219,3BVE44ARKRfEXs3DDTJ3Az,16,26,42,-10,42,10,126,-30,48,-10,36,-10
220,9LFv58kZoxjjWRCwd4GX4A,16,26,42,-10,42,10,126,-30,48,-10,36,-10
221,Ay8mEoQnzpbeq8YwJThwBE,16,20,36,-4,36,4,108,-12,42,-4,30,-4
222,i3vDe2mc7aKkmZH6f3gpJ6,26,10,36,16,36,-16,108,48,42,16,30,16
223,MUkAGWWWBovHfpRkteGtT2,26,20,46,6,46,-6,138,18,52,6,40,6
224,V3dnvtvgYcoPcquhpf7NVf,10,11,21,-1,21,1,63,-3,27,-1,15,-1
225,EvSpYTNjYDzbHBENVLp2Jk,10,10,20,0,20,0,60,0,26,0,14,0
226,Bmb8TBvXKQnLqCzBPgeH3n,14,10,24,4,24,-4,72,12,30,4,18,4
227,aPc6sNrAuRJeL4iShM2V8i,20,13,33,7,33,-7,99,21,39,7,27,7
228,UZPsD5kwWZsbaJdc8JPfQe,20,13,33,7,33,-7,99,21,39,7,27,7
229,AQ7nyN2GkQXKW5CqaU8kk6,12,20,32,-8,32,8,96,-24,38,-8,26,-8
230,ar2FffTqUk7ZTScdDXj7Lh,20,13,33,7,33,-7,99,21,39,7,27,7
231,efL53ztMpAMigKWwe2C2fb,10,10,20,0,20,0,60,0,26,0,14,0
232,QPJYQS3SGR9aTrTkJjsEP9,20,10,30,10,30,-10,90,30,36,10,24,10
233,aqzESXeSzxf9Ncm8YUWxFd,20,25,45,-5,45,5,135,-15,51,-5,39,-5
234,JNwBF4BEW6x8SPGcApxyKt,12,20,32,-8,32,8,96,-24,38,-8,26,-8
235,D6KpfgdNaqu7AnWaQoKAtC,20,25,45,-5,45,5,135,-15,51,-5,39,-5
236,eyrTWEdcErwo7J8XBR2aMx,20,20,40,0,40,0,120,0,46,0,34,0
237,GmtezRdMp6brQATsk7Er84,20,10,30,10,30,-10,90,30,36,10,24,10
238,aRSvJkctvY6Cn7pECpoREw,14,10,24,4,24,-4,72,12,30,4,18,4
239,fVujyWQ2PzDe7K7T7FCMG7,13,14,27,-1,27,1,81,-3,33,-1,21,-1
240,HM2QAQoDKC6xyViUZyLpsw,13,14,27,-1,27,1,81,-3,33,-1,21,-1
241,dDzaTv6WoYmwyV3xNomawv,13,14,27,-1,27,1,81,-3,33,-1,21,-1
242,6evS4NhWFMpaV3t4pkkC3G,20,10,30,10,30,-10,90,30,36,10,24,10
243,cBqDVSsXghjgnbSQd2MxkN,20,10,30,10,30,-10,90,30,36,10,24,10
244,VAeScW45G6fcxxXhrFA2uW,13,10,23,3,23,-3,69,9,29,3,17,3
245,YmpRzYFzVjvmWpcq4wxdU6,20,13,33,7,33,-7,99,21,39,7,27,7
246,itopDdVZx8rLzTJD92waVG,24,13,37,11,37,-11,111,33,43,11,31,11
247,mysxtUAbwzRq4QTRwUUzWj,20,10,30,10,30,-10,90,30,36,10,24,10
248,f29vHMLnDbA2mBxSfkWGCV,20,22,42,-2,42,2,126,-6,48,-2,36,-2
249,FYHgnR8TKcmjp7D3aNNj2X,20,22,42,-2,42,2,126,-6,48,-2,36,-2
250,acr6jxYTTf6GUPPZVnu6GD,12,22,34,-10,34,10,102,-30,40,-10,28,-10
251,Fr977LhHArdMd9tW5iWZFn,12,22,34,-10,34,10,102,-30,40,-10,28,-10
252,KPGwmsbDjyP6VDSuowjGvF,20,10,30,10,30,-10,90,30,36,10,24,10
253,RxgFnKrv5gFyQ2aKKUPoFC,10,10,20,0,20,0,60,0,26,0,14,0
254,dHq6mJQKWoAPebgNN3Cgay,10,10,20,0,20,0,60,0,26,0,14,0
255,NjFQETsYBL3RwibUsjjxyK,10,12,22,-2,22,2,66,-6,28,-2,16,-2
256,bbAxJGJvF2mJPZj6z2QVam,26,12,38,14,38,-14,114,42,44,14,32,14
257,f5ihosMykoinw6WTWR88BA,20,25,45,-5,45,5,135,-15,51,-5,39,-5
258,X3RfCwAKnfrLZVpSvtvgyy,20,25,45,-5,45,5,135,-15,51,-5,39,-5
259,JaYYfk5PL9u3QrchWGLD2h,20,25,45,-5,45,5,135,-15,51,-5,39,-5
260,j5avwRgQbJXbE4LqBuXgMe,20,22,42,-2,42,2,126,-6,48,-2,36,-2
261,SyfEn8G3dqd9hbZTvWpLht,20,22,42,-2,42,2,126,-6,48,-2,36,-2
262,RNxqNFVcRisGiVtnauGFpk,20,29,49,-9,49,9,147,-27,55,-9,43,-9
263,WPBQQp3Zya6NdjcYMCDDDP,20,29,49,-9,49,9,147,-27,55,-9,43,-9
264,CDjNonasey4bVtGq6ZTfmb,21,29,50,-8,50,8,150,-24,56,-8,44,-8
265,2uCPpaDfpKGqUGUbrWCJ6V,21,29,50,-8,50,8,150,-24,56,-8,44,-8
266,mYvCsdHmhXxJyuNPATdioc,21,29,50,-8,50,8,150,-24,56,-8,44,-8
267,7ur2bjJiHsHBDpkZrM3kn7,20,20,40,0,40,0,120,0,46,0,34,0
268,GZ9uTjHTL676HXtyU6qMA6,20,12,32,8,32,-8,96,24,38,8,26,8
269,YcSgojaNXE7t9fU5Bvk6qH,20,12,32,8,32,-8,96,24,38,8,26,8
270,eyrZVMfNT7MwD9kb6szCe2,25,10,35,15,35,-15,105,45,41,15,29,15
271,aKy9etmPRbzNtubBr42rcA,29,10,39,19,39,-19,117,57,45,19,33,19
272,htsCNB56cid6KvBWAkhQuE,20,25,45,-5,45,5,135,-15,51,-5,39,-5
273,Ssy86uHSuhFLc4awhSVXTU,20,20,40,0,40,0,120,0,46,0,34,0
274,KZFvpmcnrL4zXFvkgpYhDG,20,20,40,0,40,0,120,0,46,0,34,0
275,VRkZ8tHe9eseqTdxTY8xC3,20,20,40,0,40,0,120,0,46,0,34,0
276,XT72JEf3qkarzKs3JqyqFv,21,20,41,1,41,-1,123,3,47,1,35,1
277,MDDteYPVboAcHELQosSEFz,12,10,22,2,22,-2,66,6,28,2,16,2
278,FeFm6fekkFS84Kx2oTziU7,12,10,22,2,22,-2,66,6,28,2,16,2
279,9tfe29T5WBB3yWVc3KG54m,12,10,22,2,22,-2,66,6,28,2,16,2
280,nM9Lni9JeJoNzzW2EPQ3Ke,12,22,34,-10,34,10,102,-30,40,-10,28,-10
281,J3azDYnX8DqTmZjc2pwXyy,12,10,22,2,22,-2,66,6,28,2,16,2
282,k7j9MUWe6BNHeyzs5VyzDt,20,10,30,10,30,-10,90,30,36,10,24,10
283,ZcXG4WsRWGit8yi2xBKUTy,20,24,44,-4,44,4,132,-12,50,-4,38,-4
284,dvb9NnAvfnrRUj7u4CHj6B,20,24,44,-4,44,4,132,-12,50,-4,38,-4
285,GE6d6h5PRNw4TBqd5CLZey,16,24,40,-8,40,8,120,-24,46,-8,34,-8
286,VREStcPLQP2nqNgAfkNJmR,16,14,30,2,30,-2,90,6,36,2,24,2
287,VcogNcvef7jcJm4fyWcvZx,20,20,40,0,40,0,120,0,46,0,34,0
288,QNR7MtYTXzgeJFB7SW8KFX,20,11,31,9,31,-9,93,27,37,9,25,9
289,ZGJNMo3Zb2ZPuzewaug6wR,20,11,31,9,31,-9,93,27,37,9,25,9
290,WB9h4eyiqVoRBVEwj5U374,20,11,31,9,31,-9,93,27,37,9,25,9
291,bnnSwWyRkSSaqkk3QNKXkZ,20,11,31,9,31,-9,93,27,37,9,25,9
292,VB3zQNHmpQ58LeJGp5smhW,18,10,28,8,28,-8,84,24,34,8,22,8
293,E89x5RMeRnW7FLBBYyxajE,12,10,22,2,22,-2,66,6,28,2,16,2
294,WpSi9xAuQpCWBQyx4tNWtv,20,10,30,10,30,-10,90,30,36,10,24,10
295,gN5dzfhrVqASkSdALSVjHH,23,23,46,0,46,0,138,0,52,0,40,0
296,bdtscBGqrm2LkHf6tXx8RC,23,23,46,0,46,0,138,0,52,0,40,0
297,FNwivfM5G4rS95FSQZ7AFa,21,10,31,11,31,-11,93,33,37,11,25,11
298,Z4JAdY8YR5i2UjXCj2v2Hh,21,10,31,11,31,-11,93,33,37,11,25,11
299,2k8rvk5XvrjHdDKuUDx2fA,21,10,31,11,31,-11,93,33,37,11,25,11
300,3EobG9SUsjjsUy8kDFnrKh,13,10,23,3,23,-3,69,9,29,3,17,3
301,A2C9mdpAqqpNxvVKRBHyPu,10,10,20,0,20,0,60,0,26,0,14,0
302,GWarsKQJMMzzgHgYKSj7vb,29,10,39,19,39,-19,117,57,45,19,33,19
303,ndLNhfTP4aHeV8hUZVfF9L,29,25,54,4,54,-4,162,12,60,4,48,4
304,iWHsMiGmMFAhXPKuvLKh9k,29,25,54,4,54,-4,162,12,60,4,48,4
305,6UgpdD7RT8oy8ZqydV7Mnz,29,25,54,4,54,-4,162,12,60,4,48,4
306,BCn5LT2tbyQPX4NGQ22sLg,29,25,54,4,54,-4,162,12,60,4,48,4
307,L4jQdGkDZs7GF2CYnaq9Re,20,20,40,0,40,0,120,0,46,0,34,0
308,Ncyg6DmseYn4U2kWV5Wy2s,20,20,40,0,40,0,120,0,46,0,34,0
309,g8Q5W775xYXnuxqEJsvLNJ,16,16,32,0,32,0,96,0,38,0,26,0
310,3c8PUyDLeRiheR2hyUDb4L,16,16,32,0,32,0,96,0,38,0,26,0
311,ismSSxMLf3zWazjY6EHvAh,10,15,25,-5,25,5,75,-15,31,-5,19,-5
312,aV4worCjzYnnvvEJAqnMbY,20,20,40,0,40,0,120,0,46,0,34,0
313,DgBemXHhKtUMvoKgdFTRdq,20,20,40,0,40,0,120,0,46,0,34,0
314,XyPhtWu8rbWKFQUktgVpRx,20,25,45,-5,45,5,135,-15,51,-5,39,-5
315,4sQswStSsxved8b4Y7XUts,20,25,45,-5,45,5,135,-15,51,-5,39,-5
316,PLku6ZxGM5kNzofkX9Vi5n,10,20,30,-10,30,10,90,-30,36,-10,24,-10
317,aAaKJVidhkfJmVFxsNxtJh,20,10,30,10,30,-10,90,30,36,10,24,10
318,bFEUUBYFrYCEJHPYSHKRuu,25,20,45,5,45,-5,135,15,51,5,39,5
319,EtphT8wazh5PVkaaCztcMq,25,20,45,5,45,-5,135,15,51,5,39,5
320,mPfGwrKpFhCZkGdHjcNrbJ,25,20,45,5,45,-5,135,15,51,5,39,5
321,Zs6D2T6zwXurz2R33vBJnn,25,16,41,9,41,-9,123,27,47,9,35,9
322,SS9TZ693EzEMrvPf8mS8xa,10,20,30,-10,30,10,90,-30,36,-10,24,-10
323,aFJcseScczozkFTQpWCwEX,21,20,41,1,41,-1,123,3,47,1,35,1
324,CuKGEb4TDzrAbw3XcA2ax5,21,21,42,0,42,0,126,0,48,0,36,0
325,koXRaKmZDr6sfx4P5vwHBM,21,20,41,1,41,-1,123,3,47,1,35,1
326,UzZo8TzvmU5w2am2FdzGGP,21,20,41,1,41,-1,123,3,47,1,35,1
327,Cgiw8R4eoBhUBxG7kFdDqy,20,10,30,10,30,-10,90,30,36,10,24,10
328,csdWAgu59rfkpneviQ4w3v,20,20,40,0,40,0,120,0,46,0,34,0
329,VjQhNHb3UqjCpHyiSY4Trs,20,20,40,0,40,0,120,0,46,0,34,0
330,GbFLRscwL9csTtRSRWv9km,20,20,40,0,40,0,120,0,46,0,34,0
331,Tiih7SatkZkMFJifaTbCYw,20,15,35,5,35,-5,105,15,41,5,29,5
332,foZHuHfzh8BM4rQdSonBEb,21,10,31,11,31,-11,93,33,37,11,25,11
333,KJ9xT3EEvbpAcwfpSg9Qa6,16,21,37,-5,37,5,111,-15,43,-5,31,-5
334,CpNi4fTCnftVDbeUdtZY2E,16,14,30,2,30,-2,90,6,36,2,24,2
335,RDF5Mp4v2dAUteVgUaWZgv,16,14,30,2,30,-2,90,6,36,2,24,2
336,D3eNSHJSPF56vEKRNhQ4W3,16,14,30,2,30,-2,90,6,36,2,24,2
337,kEgsE62qPzaXRYXs5HWGhN,19,20,39,-1,39,1,117,-3,45,-1,33,-1
338,ezJ8M7KfxAw5V25HkCTbB3,19,20,39,-1,39,1,117,-3,45,-1,33,-1
339,TJYedEbVfQpAneChgGMcVs,19,20,39,-1,39,1,117,-3,45,-1,33,-1
340,niKwVTVQuWBoDFRchktgeZ,19,10,29,9,29,-9,87,27,35,9,23,9
341,3yynaPs9YbEGfGUfqv9dMu,19,10,29,9,29,-9,87,27,35,9,23,9
342,XpGqZ6EfpubGRKG3afGb4d,12,10,22,2,22,-2,66,6,28,2,16,2
343,58vAbHKrATpDcjJ3HXBRbr,12,10,22,2,22,-2,66,6,28,2,16,2
344,eDjviFBBG7de4mEvXYSGj5,27,10,37,17,37,-17,111,51,43,17,31,17
345,HbTjFqqYtkyK6JQe5fengH,17,10,27,7,27,-7,81,21,33,7,21,7
346,nPwUD34G2ETHDejfXt2VP5,17,10,27,7,27,-7,81,21,33,7,21,7
347,e3n5hmqn2KVjg6NfFb6Gqk,29,10,39,19,39,-19,117,57,45,19,33,19
348,EkGQbz9rkuw9BPsUSo6HJM,29,29,58,0,58,0,174,0,64,0,52,0
349,aXGxH7fE4hvtvAy7PYyU2c,12,10,22,2,22,-2,66,6,28,2,16,2
350,jrtMwhVVfSj6De4pim2dRu,25,25,50,0,50,0,150,0,56,0,44,0
351,7VkgNnYhwgFrxYFidgvxuG,12,10,22,2,22,-2,66,6,28,2,16,2
352,oKBReAFoFDmjuJJfF3HKkV,23,20,43,3,43,-3,129,9,49,3,37,3
353,TbpxXDL6cDkydZFqTRYVxC,20,10,30,10,30,-10,90,30,36,10,24,10
354,d5D3gZazZQU5uvqT4Zf7s6,20,10,30,10,30,-10,90,30,36,10,24,10
355,ELEc9dFCmtxwpvvknNXhfY,24,20,44,4,44,-4,132,12,50,4,38,4
356,WXH657ER48kEE3VT3eJefq,24,10,34,14,34,-14,102,42,40,14,28,14
357,fbY6Yy6X5RX7z6pNdNpHvM,20,10,30,10,30,-10,90,30,36,10,24,10
358,im38nPSnMMrTCjDnd8KA6a,20,14,34,6,34,-6,102,18,40,6,28,6
359,2Yr3wxZXFYoZwjpaUrVfkF,20,14,34,6,34,-6,102,18,40,6,28,6
360,Bzh2MTGCgc7MaLbqkUH9yN,20,14,34,6,34,-6,102,18,40,6,28,6
361,aWPpDSLFTQeh76WA7JihTv,20,14,34,6,34,-6,102,18,40,6,28,6
362,Yk9wwFHGpcWnQxBDmE7cWY,20,20,40,0,40,0,120,0,46,0,34,0
363,78Un4V4QdwFLCxnyJtmPQ2,20,20,40,0,40,0,120,0,46,0,34,0
364,7rguwtJgnSXePsekASzEFp,20,20,40,0,40,0,120,0,46,0,34,0
365,coppAU7oXhPANE8XfdNFZG,20,20,40,0,40,0,120,0,46,0,34,0
366,FSWXtMPdRLhZ2V6EzpCEGP,25,20,45,5,45,-5,135,15,51,5,39,5
367,7hkcznLpsMjAkxE6cfv9FV,12,12,24,0,24,0,72,0,30,0,18,0
368,SMN6uTMj9m97fSpCgpw6mX,12,12,24,0,24,0,72,0,30,0,18,0
369,jjCA27uMGgbgon8qqb2XQ4,12,10,22,2,22,-2,66,6,28,2,16,2
370,H8HDwzQhr8CpcZY2gzX7jK,12,10,22,2,22,-2,66,6,28,2,16,2
371,8eNUUaqjkfzzBiZRfJf7zk,12,22,34,-10,34,10,102,-30,40,-10,28,-10
372,NxmCHAkP77VBiNeZHCFvkW,10,10,20,0,20,0,60,0,26,0,14,0
373,AzogBXvL66Xku8L7GXJ6ED,20,10,30,10,30,-10,90,30,36,10,24,10
374,5KHMsaEbgdWHyjahYpqBX3,20,10,30,10,30,-10,90,30,36,10,24,10
375,fQFuKr2SarH9muZEWzmxir,20,10,30,10,30,-10,90,30,36,10,24,10
376,8ZFZBDEvCHNpVCvfhk56Yh,20,10,30,10,30,-10,90,30,36,10,24,10
377,TVwtabxS75ZdoVec5c898o,20,11,31,9,31,-9,93,27,37,9,25,9
378,PF5SBwoeQKbDS5fcLc8Gcw,20,11,31,9,31,-9,93,27,37,9,25,9
379,JwH9epDyJct6xmmxT8AYpL,20,10,30,10,30,-10,90,30,36,10,24,10
380,nFrDxRhHn3yDVnXDj7kDjm,20,10,30,10,30,-10,90,30,36,10,24,10
381,XsAzwVej7xgsAyx2uQUez4,20,10,30,10,30,-10,90,30,36,10,24,10
382,R6QcPyLWFziyQjpK5qKDAX,10,11,21,-1,21,1,63,-3,27,-1,15,-1
383,88K8GHsSofMNemABeGMRLw,10,15,25,-5,25,5,75,-15,31,-5,19,-5
384,PiXbKb3CfxRTxUq9qRbjzR,15,15,30,0,30,0,90,0,36,0,24,0
385,krifYc8rrzj5tFRYTYRLix,20,15,35,5,35,-5,105,15,41,5,29,5
386,4AGToQGP4bBXZPnSGw6zmb,24,15,39,9,39,-9,117,27,45,9,33,9
387,BEF3ooWPmwsRrkRM5tfiKv,14,20,34,-6,34,6,102,-18,40,-6,28,-6
388,AqRtF4MmAuLv3ERTFxQ2Yz,14,10,24,4,24,-4,72,12,30,4,18,4
389,YUprvWjz3p7krhAkwaRqf3,14,14,28,0,28,0,84,0,34,0,22,0
390,3vyGFDz3MidUcb43PNcHWD,14,20,34,-6,34,6,102,-18,40,-6,28,-6
391,SzGgt4xdNYS3QJwJ7WZZoG,14,18,32,-4,32,4,96,-12,38,-4,26,-4
392,ZvHSds2sNkkEUAncg24uZr,20,18,38,2,38,-2,114,6,44,2,32,2
393,i9nRaY9bg3f2rdut7uRrZn,20,18,38,2,38,-2,114,6,44,2,32,2
394,iiSe9TciczGCUN957N9PLP,20,18,38,2,38,-2,114,6,44,2,32,2
395,UVRXJL27kbpPMZMyFjGKjp,28,18,46,10,46,-10,138,30,52,10,40,10
396,WE33Wz5LqV7qpzUzBJhQJx,28,18,46,10,46,-10,138,30,52,10,40,10
397,6NdXMMTPybNnJe55nKhrec,12,10,22,2,22,-2,66,6,28,2,16,2
398,eaRRMbovqxKfNbWaQUCvJ6,25,10,35,15,35,-15,105,45,41,15,29,15
399,fsDKLCTVRV2NXorz5F4Xoq,10,10,20,0,20,0,60,0,26,0,14,0
400,Tyy5VwxGhbsCC5quCD4EBu,10,20,30,-10,30,10,90,-30,36,-10,24,-10
401,3nKuhmXKdrmZzRyfd5Zohr,18,20,38,-2,38,2,114,-6,44,-2,32,-2
402,f5FaXDdsgo6UZPDUSRbU2h,19,10,29,9,29,-9,87,27,35,9,23,9
403,YkP7nTRiNyf2nECgbPk3DY,21,19,40,2,40,-2,120,6,46,2,34,2
404,Wq2rx728Nev2896BEmRSvB,21,11,32,10,32,-10,96,30,38,10,26,10
405,oJBTBZd5nMsfyMvXiKzjNB,21,11,32,10,32,-10,96,30,38,10,26,10
406,dJjmdPMNdiZsng7MuxFKsi,21,11,32,10,32,-10,96,30,38,10,26,10
407,MtAqTU52i7NwLjxU7cpiPv,21,20,41,1,41,-1,123,3,47,1,35,1
408,7kvM3MCbQWfsKhhRQLMcT9,21,20,41,1,41,-1,123,3,47,1,35,1
409,UaRd2dEYbQG6vj5EdnwHbu,28,21,49,7,49,-7,147,21,55,7,43,7
410,EiL6jQgUxWa6D26jBiU7mA,28,10,38,18,38,-18,114,54,44,18,32,18
411,ZfwngPcLr6jPJwwAcLDkrW,28,13,41,15,41,-15,123,45,47,15,35,15
412,76xcwoNXSqYsibmVLpMYkf,12,10,22,2,22,-2,66,6,28,2,16,2
413,UkubyUpKR7fuVUnRhMhVqb,20,10,30,10,30,-10,90,30,36,10,24,10
414,akL7KueDrCj3qeCcRvjTGy,23,10,33,13,33,-13,99,39,39,13,27,13
415,TwRT8iqDxigsTA42ErhcMy,23,10,33,13,33,-13,99,39,39,13,27,13
416,D5f8XpWvKcHExkeYvPPnBV,23,10,33,13,33,-13,99,39,39,13,27,13
417,iuJ8A9pTwNJp6fqEKNTxPE,25,25,50,0,50,0,150,0,56,0,44,0
418,B99jgXgwVqE8WEXqk9hy5a,25,25,50,0,50,0,150,0,56,0,44,0
419,Bd2MUUGJgT83pminCLL8kd,25,25,50,0,50,0,150,0,56,0,44,0
420,7YsamkhdrStY69wgJQxBhR,25,25,50,0,50,0,150,0,56,0,44,0
421,EisFXiK4aZ8oKbRCPbuXWB,25,25,50,0,50,0,150,0,56,0,44,0
422,c9AgFXg7wpRLJAaNrzV6Vz,11,11,22,0,22,0,66,0,28,0,16,0
423,gMJRtKuRcXuQEwRaynjpmg,11,11,22,0,22,0,66,0,28,0,16,0
424,mTZio7oD9sHSW2GC6fGZZY,26,11,37,15,37,-15,111,45,43,15,31,15
425,37WyumosCU4yUvPQujdobw,26,11,37,15,37,-15,111,45,43,15,31,15
426,eicdQWyJtjWksSDmJG6i3E,26,11,37,15,37,-15,111,45,43,15,31,15
427,fgSMUXUB6SDoPoTB4c3cj9,24,24,48,0,48,0,144,0,54,0,42,0
428,Myze2JMdMPdMoQFYnjES6v,24,24,48,0,48,0,144,0,54,0,42,0
429,VdG8MjfvrV8XJCQfz34SVL,24,20,44,4,44,-4,132,12,50,4,38,4
430,hjiTomQrrSRM8foAPKYahf,24,20,44,4,44,-4,132,12,50,4,38,4
431,4be9SJipqtv7TY2jb86uup,24,25,49,-1,49,1,147,-3,55,-1,43,-1
432,R8ScT7KC8NDakueCLumz9U,24,24,48,0,48,0,144,0,54,0,42,0
433,DYfkK3BV5UrhCeXkkaxRtK,24,24,48,0,48,0,144,0,54,0,42,0
434,DoUcSZo2fYs6QWfvHu9KEP,24,24,48,0,48,0,144,0,54,0,42,0
435,28ZkwK8Pq7CXqqkZVzTLhs,24,24,48,0,48,0,144,0,54,0,42,0
436,CmYvzzcYxYkDqKMBGbEYuU,24,10,34,14,34,-14,102,42,40,14,28,14
437,3rswMuGHtHbeuynaZNQ7PU,13,20,33,-7,33,7,99,-21,39,-7,27,-7
438,dFoeasw3t2CuBqdKzx8AnK,13,13,26,0,26,0,78,0,32,0,20,0
439,5UJPVmePre5uqebHAR7zyY,20,10,30,10,30,-10,90,30,36,10,24,10
440,9CRscHK5Zsy97fCu3asteU,20,10,30,10,30,-10,90,30,36,10,24,10
441,7RmvqVtpgzFGtR6JgnF6tM,20,20,40,0,40,0,120,0,46,0,34,0
442,CaytRuXD52oJN3nzmApnzs,20,10,30,10,30,-10,90,30,36,10,24,10
443,793N9xZZoQ63mvkemh23ce,15,20,35,-5,35,5,105,-15,41,-5,29,-5
444,iyxh6Pn3uYyo7hu4wnBsHT,15,25,40,-10,40,10,120,-30,46,-10,34,-10
445,haXfaVdNJ4ZLJvQJPg7Jzm,15,25,40,-10,40,10,120,-30,46,-10,34,-10
446,jFZZpkFdZHFiEKfX4pMRTX,15,25,40,-10,40,10,120,-30,46,-10,34,-10
447,fLE2xTRqigNeeVGpSAUsfi,20,10,30,10,30,-10,90,30,36,10,24,10
448,5bUKswMXFAxbyzsos27Hwi,20,10,30,10,30,-10,90,30,36,10,24,10
449,GgyBxDmAtFbzcLdXjjhqwo,20,10,30,10,30,-10,90,30,36,10,24,10
450,YFhnsZbwJt7mLKA33AUtkk,20,10,30,10,30,-10,90,30,36,10,24,10
451,3Q8MVd4mZJL7yJxHC4AfUD,20,20,40,0,40,0,120,0,46,0,34,0
452,QN4Wkkx5nCXRGGQrDac5Ak,20,24,44,-4,44,4,132,-12,50,-4,38,-4
453,JkKGkr45yYrAqcpWx7DTZi,13,12,25,1,25,-1,75,3,31,1,19,1
454,L7jDpNgfpvguQYyCcH3WKG,24,24,48,0,48,0,144,0,54,0,42,0
455,4pDtRaUJnYZ8hnDUVVQHA5,24,24,48,0,48,0,144,0,54,0,42,0
456,8EKisNRZcFeJPouKHHFe4T,24,24,48,0,48,0,144,0,54,0,42,0
457,87XMXLEuNPv3PytdBoTU9P,20,20,40,0,40,0,120,0,46,0,34,0
458,c7edVyNd8w9pxbRJESD4uJ,12,20,32,-8,32,8,96,-24,38,-8,26,-8
459,bUBg8xQoQiRTdxnFBCAS4X,20,20,40,0,40,0,120,0,46,0,34,0
460,Va6VhArTKBxb9qEnVfBmcA,20,20,40,0,40,0,120,0,46,0,34,0
461,cEnbQAXkzav4WaL6Tw8585,20,20,40,0,40,0,120,0,46,0,34,0
462,Uk7aCopPz27KqWDjSutdzd,20,10,30,10,30,-10,90,30,36,10,24,10
463,kAuaLvneDnimW5MveuA2x8,20,10,30,10,30,-10,90,30,36,10,24,10
464,XwisEBZ7foA7NqwZd2YYwQ,18,10,28,8,28,-8,84,24,34,8,22,8
465,K2P5FphW4ympMJjJBByZZb,20,10,30,10,30,-10,90,30,36,10,24,10
466,3Txo8oFJpK5nCH87duBgdC,24,10,34,14,34,-14,102,42,40,14,28,14
467,Bps2vu8moyY7tvUaRBwiBd,20,10,30,10,30,-10,90,30,36,10,24,10
468,YZbgFCovGh6b7QHAHLqo66,17,10,27,7,27,-7,81,21,33,7,21,7
469,QyknoAUuTU2vwqd74W5FmJ,29,10,39,19,39,-19,117,57,45,19,33,19
470,ZzT4NnaPDBTL7XXS6SrDWY,27,10,37,17,37,-17,111,51,43,17,31,17
471,UCbbfWC4viokRUZZtAEo4y,27,10,37,17,37,-17,111,51,43,17,31,17
472,gvLhXJYLVhSx7xiSD7Vpq4,20,25,45,-5,45,5,135,-15,51,-5,39,-5
473,gVqGEfUZ2ynSppZdedNVUV,20,10,30,10,30,-10,90,30,36,10,24,10
474,eqSkNNdmSd3HzPAm4n8dJy,11,10,21,1,21,-1,63,3,27,1,15,1
475,D6QFSfAA5PXzPAzHGMKSE5,11,20,31,-9,31,9,93,-27,37,-9,25,-9
476,jWPZ8cCAqLCp5bGBxDPpN4,11,20,31,-9,31,9,93,-27,37,-9,25,-9
477,CANgmbfPMskbnP67rSTJWH,20,10,30,10,30,-10,90,30,36,10,24,10
478,YazGYCSrd6NML3GFHpSCWu,25,25,50,0,50,0,150,0,56,0,44,0
479,AVUJQzZqCBk2BSydJm9ds3,25,25,50,0,50,0,150,0,56,0,44,0
480,Ff2sfywRnyYiPKXt95LEvb,25,23,48,2,48,-2,144,6,54,2,42,2
481,Ygmchh85wv36RDhu3GbLcT,25,23,48,2,48,-2,144,6,54,2,42,2
482,7HzaxcbABvVxmuBsY8isGj,20,21,41,-1,41,1,123,-3,47,-1,35,-1
483,PVuKySAJzdEfBcLjM5CKQg,20,21,41,-1,41,1,123,-3,47,-1,35,-1
484,i8Hxjuh9qB36GSyfqJRiEA,12,21,33,-9,33,9,99,-27,39,-9,27,-9
485,5z54srtmGxLf4qvMpp6pvj,12,21,33,-9,33,9,99,-27,39,-9,27,-9
486,SAdQfsDT63wTDoPyBFeBMe,12,21,33,-9,33,9,99,-27,39,-9,27,-9
487,ZeaJtEdLj4Ba4aUrkHYLfQ,20,11,31,9,31,-9,93,27,37,9,25,9
488,cwyFCqdxERydeW45aq5hDD,20,11,31,9,31,-9,93,27,37,9,25,9
489,YouGsX5yhN8nfCPwSEJcKw,20,11,31,9,31,-9,93,27,37,9,25,9
490,dEsTJMphHaS9VPZMG65bDh,20,11,31,9,31,-9,93,27,37,9,25,9
491,W6B3vRuiYZm2g7tRBDSyh3,20,11,31,9,31,-9,93,27,37,9,25,9
492,4KR8eCbASHU23qf3j3Stje,20,10,30,10,30,-10,90,30,36,10,24,10
493,3vQL7kBTipDa2Yk5UZbJJt,20,20,40,0,40,0,120,0,46,0,34,0
494,bP9pW9r5doFQgZp6MXatyY,20,20,40,0,40,0,120,0,46,0,34,0
495,YUTB2zWFMxrTRUiPumRFGh,10,10,20,0,20,0,60,0,26,0,14,0
496,C525vRpCTkebDpK8MTJTDW,25,19,44,6,44,-6,132,18,50,6,38,6
497,jWE8BNDvU2rTPbVUBazMJB,16,10,26,6,26,-6,78,18,32,6,20,6
498,RtFajbMKED2qVpc5VsAoTU,12,10,22,2,22,-2,66,6,28,2,16,2
499,PBAWMTjo2jiid3HEJ9ZcXd,12,12,24,0,24,0,72,0,30,0,18,0
500,673udt6phSiae6NcSg5A3z,12,20,32,-8,32,8,96,-24,38,-8,26,-8
501,KXAzBRZLtd9rJeJjyGBPnx,12,10,22,2,22,-2,66,6,28,2,16,2
502,TJoiQcPjz4iiAQZiwg7DjU,12,10,22,2,22,-2,66,6,28,2,16,2
503,55tdVQZsv8RD3ydc9tmV3A,12,10,22,2,22,-2,66,6,28,2,16,2
504,5pZzr7otwJgLgRZBQ4osj9,12,13,25,-1,25,1,75,-3,31,-1,19,-1
505,K3yYm7CLVrBumGDcyKCd2k,12,27,39,-15,39,15,117,-45,45,-15,33,-15
506,hsqxWyMtwb2GRvxj2EjowW,28,27,55,1,55,-1,165,3,61,1,49,1
507,6KkTQiC8xRXVteqHmvoZcX,24,10,34,14,34,-14,102,42,40,14,28,14
508,YpYz4Ap4Zqyc7RTPPXXtah,24,29,53,-5,53,5,159,-15,59,-5,47,-5
509,bVUCUs6icBM6PKYiYXSJgp,24,29,53,-5,53,5,159,-15,59,-5,47,-5
510,FdG69mFF8LizWX6ubmQFwR,24,29,53,-5,53,5,159,-15,59,-5,47,-5
511,EUtNLSdPvh4uAAk9xgvzjx,24,29,53,-5,53,5,159,-15,59,-5,47,-5
512,fhVXMQYQUvmGnAAiVJQmZ6,20,20,40,0,40,0,120,0,46,0,34,0
513,3QYx8FHnfP7JHcqrwE35rE,20,20,40,0,40,0,120,0,46,0,34,0
514,R3ocCxSsHYgeSGLaqjPHs5,20,19,39,1,39,-1,117,3,45,1,33,1
515,FjmLduWKE7Rq8iJZYeKq6N,20,18,38,2,38,-2,114,6,44,2,32,2
516,SpwSAVroMUV6okKG9Hoe32,20,18,38,2,38,-2,114,6,44,2,32,2
517,TzCdRL9L56JQMFQajYev5d,20,10,30,10,30,-10,90,30,36,10,24,10
518,b7iPZWid6SHs3ejpbpNrsb,20,20,40,0,40,0,120,0,46,0,34,0
519,P3PpFZEa9v7Akyaydvc67W,20,20,40,0,40,0,120,0,46,0,34,0
520,mUofSSezTkiyDgyPjQcGpA,20,20,40,0,40,0,120,0,46,0,34,0
521,8Svs3aDkxuN5KkVTs4eZw4,29,20,49,9,49,-9,147,27,55,9,43,9
522,FzD2gFDeJGofCoj8R4Lb9Q,20,13,33,7,33,-7,99,21,39,7,27,7
523,GKhrtXaGCRfmZrotX2QA5n,20,13,33,7,33,-7,99,21,39,7,27,7
524,fABRCC25GiAKcsYYDGUqdb,20,13,33,7,33,-7,99,21,39,7,27,7
525,GVKiQvgtvEKne2yEkovSMU,15,22,37,-7,37,7,111,-21,43,-7,31,-7
526,FxRYUxTknK2gG53YCXpiB4,15,22,37,-7,37,7,111,-21,43,-7,31,-7
527,ErsFEuaMtwuqtNZpPVCCij,20,10,30,10,30,-10,90,30,36,10,24,10
528,4DsHMMa3UtU84osp8FLntj,20,20,40,0,40,0,120,0,46,0,34,0
529,YQWRDWm9mREcaJTYZpSVGx,20,12,32,8,32,-8,96,24,38,8,26,8
530,naytCBsVXoNXRmjpTirnnU,20,12,32,8,32,-8,96,24,38,8,26,8
531,8TtL6kgSRL3Ndu9SScJMqs,20,12,32,8,32,-8,96,24,38,8,26,8
532,3ntj7LzaSSPvqwtG25bJyG,20,10,30,10,30,-10,90,30,36,10,24,10
533,Ngb5s9tT9sh4se2t6XKSLw,28,10,38,18,38,-18,114,54,44,18,32,18
534,iTHYqJKDsVqsW69Uj8wWh2,29,10,39,19,39,-19,117,57,45,19,33,19
535,kB26wj7sVagtNLHceTYy3B,28,10,38,18,38,-18,114,54,44,18,32,18
536,TwEpTRDwCYPV7ZPa7ev2vf,29,10,39,19,39,-19,117,57,45,19,33,19
537,VHAvwYEKN7U5uEfRDZ3QJt,25,10,35,15,35,-15,105,45,41,15,29,15
538,ix693pNAn2SA4JPBqtzbGH,10,10,20,0,20,0,60,0,26,0,14,0
539,Pw9W8j7yNXciUqc35GNu5r,10,10,20,0,20,0,60,0,26,0,14,0
540,mSDXu2jAotWUMzzzQLwPbV,10,10,20,0,20,0,60,0,26,0,14,0
541,A4vDgYAubMVCeV5iQ75MBx,10,10,20,0,20,0,60,0,26,0,14,0
542,Auf7nmkUFqNZ8aGukH63ST,12,10,22,2,22,-2,66,6,28,2,16,2
543,PD42pNKJXdCPWGKQpkirAo,27,10,37,17,37,-17,111,51,43,17,31,17
544,Ww7tj4RE4cX24PQncqbXHN,27,25,52,2,52,-2,156,6,58,2,46,2
545,QDtXHeaJxykiZKShAphaGn,23,25,48,-2,48,2,144,-6,54,-2,42,-2
546,i4hJ8m9hqbd74iPjZW2utP,22,25,47,-3,47,3,141,-9,53,-3,41,-3
547,Wpc3uabK7evBqAGafD4Eod,18,10,28,8,28,-8,84,24,34,8,22,8
548,M2hdjRboQHShxXoNWDmSLZ,18,10,28,8,28,-8,84,24,34,8,22,8
549,38LK39dTe6FKz55HWhyzkd,22,10,32,12,32,-12,96,36,38,12,26,12
550,n4zVnw9q7f2AQ8mCJPUUFD,12,10,22,2,22,-2,66,6,28,2,16,2
551,AuFqRmFfMKk7GH4TsnqMBW,12,10,22,2,22,-2,66,6,28,2,16,2
552,U45WUrxh7npe5JCGj8f5BF,20,10,30,10,30,-10,90,30,36,10,24,10
553,AG3W6qBCK3yEfeFKhBaw5C,20,20,40,0,40,0,120,0,46,0,34,0
554,hFb4wHBsZBYGZvHFNGPGaE,15,25,40,-10,40,10,120,-30,46,-10,34,-10
555,kvLD9arAuwpj36MD4iTSYH,26,15,41,11,41,-11,123,33,47,11,35,11
556,TKFPxVcmXrtAA728JYZTit,26,25,51,1,51,-1,153,3,57,1,45,1
557,3PPbAW2GBYgJho2Eu4cYPB,23,20,43,3,43,-3,129,9,49,3,37,3
558,8ufxexSNGm4RtM6JD2J6Vp,20,20,40,0,40,0,120,0,46,0,34,0
559,GJzHDYyWdS6wyoQNQCSCKD,20,20,40,0,40,0,120,0,46,0,34,0
560,ZbmPqfvebU8UHopZidCBuD,19,19,38,0,38,0,114,0,44,0,32,0
561,AnYyQJdkVvv9ZY8cPBmvVQ,25,19,44,6,44,-6,132,18,50,6,38,6
562,gKqsTCLcJsEQDMGBQs5oXa,20,20,40,0,40,0,120,0,46,0,34,0
563,4SBZUXH9GuVEZLBFRXdNfU,20,20,40,0,40,0,120,0,46,0,34,0
564,ZU5mfbghgn6NQnaKFEMnTp,17,20,37,-3,37,3,111,-9,43,-3,31,-3
565,chWpBikj9sAUVfFut5BHYP,17,20,37,-3,37,3,111,-9,43,-3,31,-3
566,F9C47Th6tjGLgqrqKKgm7S,17,20,37,-3,37,3,111,-9,43,-3,31,-3
567,7ogUhd4V4azYz4unQ874gM,20,20,40,0,40,0,120,0,46,0,34,0
568,TEyAdEQPYisQ9xXEQHpEqD,16,16,32,0,32,0,96,0,38,0,26,0
569,nsrEhdzJ9VuTYYMj5g2zsH,16,16,32,0,32,0,96,0,38,0,26,0
570,BrfmtG2FxseWrwm4NQMobS,16,16,32,0,32,0,96,0,38,0,26,0
571,Dz4SwFzy8cYqj3kHDyxPLQ,16,16,32,0,32,0,96,0,38,0,26,0
572,FnVYgaSJPQwt8GoMNHcd8C,20,10,30,10,30,-10,90,30,36,10,24,10
573,83vxXshYNqaiAXh3JksuBo,20,20,40,0,40,0,120,0,46,0,34,0
574,5BesgDBRQgE4tiuTkCKZ6n,20,12,32,8,32,-8,96,24,38,8,26,8
575,2LcK8KAMMXPjyUZ2xusfSV,11,12,23,-1,23,1,69,-3,29,-1,17,-1
576,RFoLTaXNThQhFMzfkPewto,11,12,23,-1,23,1,69,-3,29,-1,17,-1
577,KqZruf4ZzdB3wTYdJSzfQU,20,10,30,10,30,-10,90,30,36,10,24,10
578,WbzoVSEt5kzvGHmXP3zwAw,23,10,33,13,33,-13,99,39,39,13,27,13
579,bz9C5Sf9ZHETznYFuFNUR5,20,23,43,-3,43,3,129,-9,49,-3,37,-3
580,hUVqTRbkvfXyekGaMmWP8C,20,23,43,-3,43,3,129,-9,49,-3,37,-3
581,GSwmH3xHg5HUZKW46gpBFv,13,23,36,-10,36,10,108,-30,42,-10,30,-10
582,dxKGqXSys3AfKXpjwdCk2P,20,20,40,0,40,0,120,0,46,0,34,0
583,J3Vm5ZBXNaqC5p9tcHpX3R,21,20,41,1,41,-1,123,3,47,1,35,1
584,jZvPDvXDaNRyLJyfQuowyT,20,20,40,0,40,0,120,0,46,0,34,0
585,VmYy2VFL6e4XUp2ngXYp5e,21,20,41,1,41,-1,123,3,47,1,35,1
586,joawDwnst7NnAWYZYWYBTK,21,20,41,1,41,-1,123,3,47,1,35,1
587,GTPPMgmm5hdXTmzYctMfAP,20,10,30,10,30,-10,90,30,36,10,24,10
588,JSBKmhEXAzmChxRVKDTsZ9,20,20,40,0,40,0,120,0,46,0,34,0
589,DgfRe8UkYtxPrMe8vwGkBZ,20,25,45,-5,45,5,135,-15,51,-5,39,-5
590,9vJizVKMeeeGVM3Bp5nxXH,25,20,45,5,45,-5,135,15,51,5,39,5
591,6tiAPZddKzbsbDHWzLySwx,25,20,45,5,45,-5,135,15,51,5,39,5
592,8Sge3DEWz2HCbPRSNsAiTD,10,10,20,0,20,0,60,0,26,0,14,0
593,EWUERowj5pjgbEHmpVRYN9,20,10,30,10,30,-10,90,30,36,10,24,10
594,MCJcxqzTGrQn5sqLBMrYW4,12,10,22,2,22,-2,66,6,28,2,16,2
595,dfxMr5KCqKdfb8MdkKzvme,16,10,26,6,26,-6,78,18,32,6,20,6
596,V5N43AGzY9KLXc62BQU8h5,24,10,34,14,34,-14,102,42,40,14,28,14
597,Au2ZtjU8jzEJaErn9jXHNC,27,10,37,17,37,-17,111,51,43,17,31,17
598,UwCLoDnfHySjEPrxEy5M6G,28,10,38,18,38,-18,114,54,44,18,32,18
599,ePrpj9K2b2FKUXXrvmTvbn,26,10,36,16,36,-16,108,48,42,16,30,16
600,KnreoVeetuBvcTZK262Daq,18,10,28,8,28,-8,84,24,34,8,22,8
601,SjVNCqPQ3sJAcTU3eMEyFT,18,10,28,8,28,-8,84,24,34,8,22,8
602,NkxmAEYQgXCyUUmwUTdmBh,20,13,33,7,33,-7,99,21,39,7,27,7
603,3JQjJVUCVdLoqQzShBsouq,20,20,40,0,40,0,120,0,46,0,34,0
604,R9TrAwUzybvMNm7cz3Cccm,20,20,40,0,40,0,120,0,46,0,34,0
605,c5GQsSMqw6sC2JKRp5ENAm,20,20,40,0,40,0,120,0,46,0,34,0
606,MJc7agL6idbSWGxE3R6X23,20,20,40,0,40,0,120,0,46,0,34,0
607,YQDCVP6c9oHHgSEfoJULXS,28,10,38,18,38,-18,114,54,44,18,32,18
608,f6RvLCWtzbVhXrWsaqAsRJ,20,10,30,10,30,-10,90,30,36,10,24,10
609,jpxrJFRvDUskvD3zXfVeUK,20,20,40,0,40,0,120,0,46,0,34,0
610,fEQx9mo6hENRVQxuzjYUWk,26,20,46,6,46,-6,138,18,52,6,40,6
611,aiBqAvoaufSSjoA7JQQnLp,26,10,36,16,36,-16,108,48,42,16,30,16
612,4hfzo9Y85Kq7YMtUDHy6mT,25,25,50,0,50,0,150,0,56,0,44,0
613,eBJy8oXxcuH2CpuXuysbAo,20,10,30,10,30,-10,90,30,36,10,24,10
614,UAHqnR8ioU4UH5dgUajomb,20,10,30,10,30,-10,90,30,36,10,24,10
615,C8txsbUEfi32srfYSR4vGa,10,10,20,0,20,0,60,0,26,0,14,0
616,YjHUfcHYUPtshoN3rtS9Sd,10,10,20,0,20,0,60,0,26,0,14,0
617,PYiPFca9hFnAFTmDmRvDG5,11,10,21,1,21,-1,63,3,27,1,15,1
618,V6oxkguWCmxoyMPngQYnkc,11,11,22,0,22,0,66,0,28,0,16,0
619,E9NDng2B2ooFeHQMVy8uG6,11,15,26,-4,26,4,78,-12,32,-4,20,-4
620,gkVyVCHePbRXx58d3B6FZH,11,13,24,-2,24,2,72,-6,30,-2,18,-2
621,HLuwFqRaqDdER74dyZWZmL,11,13,24,-2,24,2,72,-6,30,-2,18,-2
622,CX4GKoLY6EAEsz6vq5MtM3,20,25,45,-5,45,5,135,-15,51,-5,39,-5
623,SvXL3MdKCZarhVCbT8reZm,20,25,45,-5,45,5,135,-15,51,-5,39,-5
624,W4V2r2SpJP2rWHFG6gEopA,20,25,45,-5,45,5,135,-15,51,-5,39,-5
625,mh7FhNKQv2b6gvxzcwuC8k,20,25,45,-5,45,5,135,-15,51,-5,39,-5
626,QzCr8bEu3yR2drx7UqnohM,20,25,45,-5,45,5,135,-15,51,-5,39,-5
627,PkZ9bTCrZaNWEGfkNi3qJv,20,10,30,10,30,-10,90,30,36,10,24,10
628,8QZyBJ8wCaWwzpBRbQKJ8H,11,10,21,1,21,-1,63,3,27,1,15,1
629,3z3tz8cAQwmmtmJ3WHsEWQ,11,10,21,1,21,-1,63,3,27,1,15,1
630,AzLDfLPM7YzDsFXaGdh95B,20,11,31,9,31,-9,93,27,37,9,25,9
631,BQsvp47HG2ihCJvdKvX2LK,20,23,43,-3,43,3,129,-9,49,-3,37,-3
632,4dcfmAfDNLxMtgtn6dyGXn,20,10,30,10,30,-10,90,30,36,10,24,10
633,7uTpnx3ZTo5RF69AdPSFLv,25,25,50,0,50,0,150,0,56,0,44,0
634,52aovcC7vMtWx2YFcxyoRW,25,25,50,0,50,0,150,0,56,0,44,0
635,PrpQys5G9FywDgEPVSfb9h,25,25,50,0,50,0,150,0,56,0,44,0
636,MQAQPLc3JQBKNLVgZ25pet,25,18,43,7,43,-7,129,21,49,7,37,7
637,3NuCRzudouJRk8vqTBiQpJ,18,18,36,0,36,0,108,0,42,0,30,0
638,TWHEpCantiBrxJiVzm6g6K,18,18,36,0,36,0,108,0,42,0,30,0
639,P8whc79UnRLAzCbXD7VP52,18,18,36,0,36,0,108,0,42,0,30,0
640,3nQSJr7dMkvqYhVJwhAeHF,10,18,28,-8,28,8,84,-24,34,-8,22,-8
641,MnQzbaVgG2xZtWsUg2eQHn,10,23,33,-13,33,13,99,-39,39,-13,27,-13
642,RYQ3Ry2Fw5ijrtdkbRP56n,20,10,30,10,30,-10,90,30,36,10,24,10
643,KAtkQDC4DRvLh79QWcY7iv,20,10,30,10,30,-10,90,30,36,10,24,10
644,JbkYor2qBMemp66shk5bt9,21,10,31,11,31,-11,93,33,37,11,25,11
645,TJ2bSCYS56YPTSXYxua2ZE,16,21,37,-5,37,5,111,-15,43,-5,31,-5
646,Ti423JfaJULGaGpWWKh67A,25,25,50,0,50,0,150,0,56,0,44,0
647,gcUc3SaZUszTvJmbxnssaA,20,10,30,10,30,-10,90,30,36,10,24,10
648,kQnFH2EF74CCjJpgWMR6Ha,20,16,36,4,36,-4,108,12,42,4,30,4
649,etjTwCBnAu4QMwgxanDWC4,20,16,36,4,36,-4,108,12,42,4,30,4
650,BU5gQQXe4rgM38rQgorsyq,20,11,31,9,31,-9,93,27,37,9,25,9
651,BaPZVfUhfQ3NGJUcMDEsLB,28,11,39,17,39,-17,117,51,45,17,33,17
652,bqo9b85S6SS3U6bvSsxMgm,20,20,40,0,40,0,120,0,46,0,34,0
653,69iuMf2pQg5whTLsYjtpo6,25,25,50,0,50,0,150,0,56,0,44,0
654,ZgixBubFXyDNVxFdXCHbMz,25,25,50,0,50,0,150,0,56,0,44,0
655,TjuNrFrtVtT5bVvhoGrGPC,25,25,50,0,50,0,150,0,56,0,44,0
656,ABWpv8yZR9Uzfztg2VnxQL,25,25,50,0,50,0,150,0,56,0,44,0
657,K4UshfDpMNtBn4uAf6DXGd,20,25,45,-5,45,5,135,-15,51,-5,39,-5
658,b4JVZZtioZq2NvwgZGoFtm,20,25,45,-5,45,5,135,-15,51,-5,39,-5
659,Hjhbbpg6oTpm3fZpALzbRe,20,25,45,-5,45,5,135,-15,51,-5,39,-5
660,4rvGJHptj8NJ84AgAsCKZp,25,25,50,0,50,0,150,0,56,0,44,0
661,kkEAYhz4fXKAv4efNeU7Ho,25,25,50,0,50,0,150,0,56,0,44,0
662,jwiHi5zCrseDGbVRsFn8Xg,20,10,30,10,30,-10,90,30,36,10,24,10
663,DJxxm3uFKwFN79AVzAdEH2,10,10,20,0,20,0,60,0,26,0,14,0
664,bB6QB7Lv7LsgGi8k4yfSjq,10,10,20,0,20,0,60,0,26,0,14,0
665,fQax9UdSgNfcCttuXdB3xP,10,10,20,0,20,0,60,0,26,0,14,0
666,7zsjMycbKCGvmKTF6P8bys,10,28,38,-18,38,18,114,-54,44,-18,32,-18
667,eoZ9UVarFBxDT2jB7QjL3x,25,10,35,15,35,-15,105,45,41,15,29,15
668,4ayvZmgAt6uP7J5JfbneQi,25,10,35,15,35,-15,105,45,41,15,29,15
669,Ekc5FWNPyH3ReiWBpu6ZjZ,25,10,35,15,35,-15,105,45,41,15,29,15
670,fM5NLKPnmSDsyyNWyJwyix,24,10,34,14,34,-14,102,42,40,14,28,14
671,C7PVJohLjkfzx2CX8yqmKn,24,25,49,-1,49,1,147,-3,55,-1,43,-1
672,dh79B2ZgboPDJnh9KviNcg,10,10,20,0,20,0,60,0,26,0,14,0
673,akCqJxTLEYY5Fe4RFgZucN,10,10,20,0,20,0,60,0,26,0,14,0
674,nEJG5jKfiY6V2HrqA2EDtW,10,10,20,0,20,0,60,0,26,0,14,0
675,NM6s4m89zqsKhPc2jpCbF9,10,10,20,0,20,0,60,0,26,0,14,0
676,6xWnCVtAP8ybxEVPKgHYgW,10,10,20,0,20,0,60,0,26,0,14,0
677,QG2HWteBuT7R2C4mAf8MgU,25,25,50,0,50,0,150,0,56,0,44,0
678,SuAQreJzRrPtFvR5FFntri,25,25,50,0,50,0,150,0,56,0,44,0
679,gasVji6UcnsonRTikFzC3X,25,25,50,0,50,0,150,0,56,0,44,0
680,8hU5X62tFuWjzLjqbFYoEF,25,25,50,0,50,0,150,0,56,0,44,0
681,Tv9Mwq5seUqymhyjKMbF6h,25,13,38,12,38,-12,114,36,44,12,32,12
682,m7Ve3CmtSEvKqNjsjNRFfa,21,10,31,11,31,-11,93,33,37,11,25,11
683,D8c6Ej7uTFZbh2Rxoo65Hi,10,10,20,0,20,0,60,0,26,0,14,0
684,DwydvWWXhXmCQtUAiqRHCp,10,10,20,0,20,0,60,0,26,0,14,0
685,nLvtYPMox9PemFf6B8J4SA,10,10,20,0,20,0,60,0,26,0,14,0
686,DRnhiHAPvAWUcEEQyWsq8R,10,10,20,0,20,0,60,0,26,0,14,0
687,5RjDNWQDfKN8LJEhWY7fp6,16,10,26,6,26,-6,78,18,32,6,20,6
688,3S3sh9vDC2jLsXTn3EsayH,12,10,22,2,22,-2,66,6,28,2,16,2
689,FtUFoaFNjYrgtkCCKGkwm5,12,10,22,2,22,-2,66,6,28,2,16,2
690,EuXG3iu29nRPwXLwJGYcfB,20,10,30,10,30,-10,90,30,36,10,24,10
691,aqHkLz9uvTehHioNf9tyTH,20,20,40,0,40,0,120,0,46,0,34,0
692,5ErZq4LnmHHLfnh8pXGjzU,25,20,45,5,45,-5,135,15,51,5,39,5
693,DSkbQB86mFRj8DhHvrFgWa,29,20,49,9,49,-9,147,27,55,9,43,9
694,7iiPhESKAm5nUKfA9x2K3h,29,20,49,9,49,-9,147,27,55,9,43,9
695,CEb3ZYaUgRkLypJsnc9UEN,29,20,49,9,49,-9,147,27,55,9,43,9
696,RC7ZGCBcwygHcZx4FPKveR,29,24,53,5,53,-5,159,15,59,5,47,5
697,4no2PZKBJtgQ9SXvux4eTq,25,25,50,0,50,0,150,0,56,0,44,0
698,BdYepQ3PHpy3nmkRoxW3GE,25,20,45,5,45,-5,135,15,51,5,39,5
699,EmrJWhpnKK3LopMTVhpPaJ,25,20,45,5,45,-5,135,15,51,5,39,5
700,D2rFxftYTzhNyCYpNu29yg,20,10,30,10,30,-10,90,30,36,10,24,10
701,RU3EEoTjm36nqJQ6EFYS4N,20,20,40,0,40,0,120,0,46,0,34,0
702,SoG3CF3tkE3qRERo4uyTap,20,10,30,10,30,-10,90,30,36,10,24,10
703,WBrB7rMCs63rXV7rRh77si,20,20,40,0,40,0,120,0,46,0,34,0
704,MXV2T8BLAhNgGbTdkpg4bt,20,12,32,8,32,-8,96,24,38,8,26,8
705,8NCbTWdCqkit66XF992scN,20,20,40,0,40,0,120,0,46,0,34,0
706,mBVzPkuYzXVXCpu9kQeQCZ,20,10,30,10,30,-10,90,30,36,10,24,10
707,bMBPmPFXZTTevdVVfQEpaN,25,20,45,5,45,-5,135,15,51,5,39,5
708,hAeHmdchGX8452Y6XiX56s,25,20,45,5,45,-5,135,15,51,5,39,5
709,fzLbr4ytamKrVpAjqANLco,25,10,35,15,35,-15,105,45,41,15,29,15
710,MJjt8WQFBpk927WhsPu8aP,20,25,45,-5,45,5,135,-15,51,-5,39,-5
711,RGmFYaGAeheNqGB57S8Eze,20,25,45,-5,45,5,135,-15,51,-5,39,-5
712,WokaKndHbeLzCLGPDXbwzP,20,10,30,10,30,-10,90,30,36,10,24,10
713,FvdjDaCB5d4MERndpohvCc,20,19,39,1,39,-1,117,3,45,1,33,1
714,KBKvoa5ENecmsBw2uLee3L,15,19,34,-4,34,4,102,-12,40,-4,28,-4
715,MquRgq9pJE4kUoxYs5BqJC,15,19,34,-4,34,4,102,-12,40,-4,28,-4
716,ik9x2NjfbtBdBTurbsJogn,15,19,34,-4,34,4,102,-12,40,-4,28,-4
717,j9FrntLfCuennKPUDPFm6p,20,20,40,0,40,0,120,0,46,0,34,0
718,VqgqTMdQHLdoStWgDQzWQ4,12,20,32,-8,32,8,96,-24,38,-8,26,-8
719,DupLRoJ26JntV4s47Ek3ie,12,20,32,-8,32,8,96,-24,38,-8,26,-8
720,n6t9iyAmWJ6nu4FTreXFF3,12,20,32,-8,32,8,96,-24,38,-8,26,-8
721,j4LheEwt97NdaajALhvcnG,12,20,32,-8,32,8,96,-24,38,-8,26,-8
722,Mvy7hWaW3fJ7c5sZkFwsZv,15,10,25,5,25,-5,75,15,31,5,19,5
723,eN9b8XyLCgBN4Y7u7zzYuJ,27,10,37,17,37,-17,111,51,43,17,31,17
724,3RP73WGNgnoDzEK5QKpQDD,11,10,21,1,21,-1,63,3,27,1,15,1
725,WMyb8RsLxDtmGWYZBvKinf,10,10,20,0,20,0,60,0,26,0,14,0
726,kdU6c56PeuNTCH332RctAt,22,10,32,12,32,-12,96,36,38,12,26,12
727,KyTxmMFqxGEJBazzTFnhYG,20,20,40,0,40,0,120,0,46,0,34,0
728,VAAveXb7D5ieeKoVcc5uFJ,20,20,40,0,40,0,120,0,46,0,34,0
729,NgmvGTH8MRyreWj9XAjTub,20,20,40,0,40,0,120,0,46,0,34,0
730,Ms44DM8pqcWg3Z2MJizymV,20,20,40,0,40,0,120,0,46,0,34,0
731,iMSk7sqbf754P5Sof2eh9C,24,20,44,4,44,-4,132,12,50,4,38,4
732,FyWmXrzWbNbdyXowuMaDNq,12,10,22,2,22,-2,66,6,28,2,16,2
733,HCmV3AGtkJdbURnhkC5P5u,20,12,32,8,32,-8,96,24,38,8,26,8
734,oZ9PsWbZ4MHSL3ygEFjqK6,20,12,32,8,32,-8,96,24,38,8,26,8
735,hdYbUSTA3LW2UPNa4pVYJD,20,12,32,8,32,-8,96,24,38,8,26,8
736,NJJXsvndRKSJ7jysBmXjN7,20,12,32,8,32,-8,96,24,38,8,26,8
737,3DULLC8bnDrS9wormbJVsV,28,10,38,18,38,-18,114,54,44,18,32,18
738,Gc2SKmnmjEzTa4vde3VqNL,28,10,38,18,38,-18,114,54,44,18,32,18
739,BsuXVmZfT6gnA7kCckhj8u,10,28,38,-18,38,18,114,-54,44,-18,32,-18
740,HafaXKZvtZuDdtGwGYi6EG,10,28,38,-18,38,18,114,-54,44,-18,32,-18
741,HrvouZ9RbZjg6Qj9PJMdaD,10,28,38,-18,38,18,114,-54,44,-18,32,-18
742,UnTkHySdG6zKDofiwAdL3j,20,10,30,10,30,-10,90,30,36,10,24,10
743,RK7tXBQFV7UAYS68rvS69b,20,20,40,0,40,0,120,0,46,0,34,0
744,N95J4wKfA6RFghGqhKvMEm,20,13,33,7,33,-7,99,21,39,7,27,7
745,bn7RdRkuSPbNQJy2J3yjzF,20,13,33,7,33,-7,99,21,39,7,27,7
746,6SHSDfJUSA99UGbK3FTtKG,20,13,33,7,33,-7,99,21,39,7,27,7
747,2jVAxSRBjbHzrCrkNmvZNE,20,10,30,10,30,-10,90,30,36,10,24,10
748,aRomH84npp66TRLGo5Y6mg,20,10,30,10,30,-10,90,30,36,10,24,10
749,3wcNQmFAr3779pcxUXyzmn,20,14,34,6,34,-6,102,18,40,6,28,6
750,oVMfDx6tYGy8vsKaypCLUr,20,14,34,6,34,-6,102,18,40,6,28,6
751,gZjbsXdBCfKCDvcHySDMXX,20,14,34,6,34,-6,102,18,40,6,28,6
752,DJBZZPwS63edzVyoq2Q6fd,25,25,50,0,50,0,150,0,56,0,44,0
753,Lhac9Bk64zidhx8vowSDK2,25,25,50,0,50,0,150,0,56,0,44,0
754,KmyHCDeuKVrHsm9Aohwe4D,25,25,50,0,50,0,150,0,56,0,44,0
755,8tfKt9JopMGuzQYUsn5vRv,24,25,49,-1,49,1,147,-3,55,-1,43,-1
756,EreAsNsCi46cV9KN97bwKC,24,25,49,-1,49,1,147,-3,55,-1,43,-1
757,cnZmquZL85jRmBhd8iFftn,20,20,40,0,40,0,120,0,46,0,34,0
758,Xy9CspNkYveJFgtrvHvtxg,20,20,40,0,40,0,120,0,46,0,34,0
759,ZQXrz9thxJyzKVBfwZnFTV,20,18,38,2,38,-2,114,6,44,2,32,2
760,Uq92qACgwmuoEccH7XoVE8,20,18,38,2,38,-2,114,6,44,2,32,2
761,f6gwtANKhp5a3nET3xgonw,16,18,34,-2,34,2,102,-6,40,-2,28,-2
762,JyRv4qgF6SwcHXdJSqrdMQ,20,10,30,10,30,-10,90,30,36,10,24,10
763,ArDWTM3aV9qNXwCyXCjkMg,20,10,30,10,30,-10,90,30,36,10,24,10
764,7cLf88Jq35TecNqhWmedBD,10,10,20,0,20,0,60,0,26,0,14,0
765,VYw4iFM29U67Bo5mKSrdu2,10,10,20,0,20,0,60,0,26,0,14,0
766,GwZ2QP5jm523VRxQ8xiwqy,10,10,20,0,20,0,60,0,26,0,14,0
767,5jn3rQfRC37mtHeVga4jc6,20,20,40,0,40,0,120,0,46,0,34,0
768,GA9DdAUfKe7kNRqY7oXq8g,24,20,44,4,44,-4,132,12,50,4,38,4
769,NFqVtaZ2muYEMZwmpdVnVL,24,20,44,4,44,-4,132,12,50,4,38,4
770,fYe8KR34bVYEaGRxcMaw8F,20,24,44,-4,44,4,132,-12,50,-4,38,-4
771,6hBEDSzzZHp2mxtTHfj6TA,13,24,37,-11,37,11,111,-33,43,-11,31,-11
772,EBoSnV4RKQ6WNNcyusuLyy,24,10,34,14,34,-14,102,42,40,14,28,14
773,TVr3a2PAyUAZREW2P6hKxw,13,10,23,3,23,-3,69,9,29,3,17,3
774,EhbngMYD6tNrNT74gxBsMt,17,10,27,7,27,-7,81,21,33,7,21,7
775,Y6Zzg7HTZkX8ycEQ4AiY8Y,20,17,37,3,37,-3,111,9,43,3,31,3
776,mw9BGHHThgandwzMo6XQ85,20,18,38,2,38,-2,114,6,44,2,32,2
777,4usEsJrHbJ4SKS7kDR7q2k,20,10,30,10,30,-10,90,30,36,10,24,10
778,9S26cKzoQewyKB7464hXwf,15,10,25,5,25,-5,75,15,31,5,19,5
779,R6KSpGpqReyktn6XLPqsV6,20,15,35,5,35,-5,105,15,41,5,29,5
780,PNCJPK43vtcN2FYVKw4MiV,20,11,31,9,31,-9,93,27,37,9,25,9
781,doqS5RWLVHgM6pf3cvu4ZE,10,12,22,-2,22,2,66,-6,28,-2,16,-2
782,HzvF5NGcRfACMuPhmcESMm,20,10,30,10,30,-10,90,30,36,10,24,10
783,EDtwAuwzr3gyndVEGMpzfh,11,10,21,1,21,-1,63,3,27,1,15,1
784,fxHifs9zZtsYPoPg2CKifd,11,16,27,-5,27,5,81,-15,33,-5,21,-5
785,hf9arsiwtm8aRD23B9xqbr,11,16,27,-5,27,5,81,-15,33,-5,21,-5
786,DTNsyyZuYUoce7QDAkKNdm,11,16,27,-5,27,5,81,-15,33,-5,21,-5
787,ErCiDGyuLb2wRceGQZE79K,20,10,30,10,30,-10,90,30,36,10,24,10
788,eNG6KWEAzCz5qDP9ZRpJuU,20,10,30,10,30,-10,90,30,36,10,24,10
789,XBKJNQr3HxgYovmpAj8QNy,20,20,40,0,40,0,120,0,46,0,34,0
790,ApxBP22PdFGkxEkYGSzegL,18,20,38,-2,38,2,114,-6,44,-2,32,-2
791,HZp7YyT3g2KUScudmM5uH4,18,25,43,-7,43,7,129,-21,49,-7,37,-7
792,PDV2SrzpcDcuJjv9ywz96n,20,20,40,0,40,0,120,0,46,0,34,0
793,7EUrgPuDAQkYhWLP9vUCTo,20,14,34,6,34,-6,102,18,40,6,28,6
794,k8aoZ6fr4QKGomuwb8GEsn,20,14,34,6,34,-6,102,18,40,6,28,6
795,GPscMm6QfV82enWMt9rtsd,20,14,34,6,34,-6,102,18,40,6,28,6
796,SXN3z5jq8rHQCPgMNxBLef,26,14,40,12,40,-12,120,36,46,12,34,12
797,QaUyw7py6rzy2vMF2V5o3x,20,29,49,-9,49,9,147,-27,55,-9,43,-9
798,EQpoVUB5tHYE3PvMaVyixK,20,29,49,-9,49,9,147,-27,55,-9,43,-9
799,5uEY3TM7CSrWbVABvJxakS,20,29,49,-9,49,9,147,-27,55,-9,43,-9
800,e2AD56aVb3QPBMrmoVQ936,20,29,49,-9,49,9,147,-27,55,-9,43,-9
801,CMkg3teB5r3ErhuEVdJQUH,20,29,49,-9,49,9,147,-27,55,-9,43,-9
802,iPRQBekDekRGtoCJji6fdZ,10,10,20,0,20,0,60,0,26,0,14,0
803,gmMRVcR9fPiHeuqtEWw6Xn,10,10,20,0,20,0,60,0,26,0,14,0
804,mnQupDAHW8w6FueHQZUuAQ,10,14,24,-4,24,4,72,-12,30,-4,18,-4
805,QE7JRnJuNzjL4rP64AtM37,14,10,24,4,24,-4,72,12,30,4,18,4
806,NKfD6pUdWZwyyhisrvEzVW,11,14,25,-3,25,3,75,-9,31,-3,19,-3
807,P323PHBfZEdFrJQUmx4Q78,10,10,20,0,20,0,60,0,26,0,14,0
808,EsnJoKAva23YrEePpCAheu,10,10,20,0,20,0,60,0,26,0,14,0
809,jL8nGNFSCV2n4gyidqXpxd,10,10,20,0,20,0,60,0,26,0,14,0
810,efbVdx5qnTEzfUCSMjMHuM,10,10,20,0,20,0,60,0,26,0,14,0
811,eb2WTE9RDeRh4h53Eqrr2G,10,10,20,0,20,0,60,0,26,0,14,0
812,htPHXxApSRN2kfRyeDftuV,20,14,34,6,34,-6,102,18,40,6,28,6
813,5TbSnBrxtujo8vXrThxRQw,20,15,35,5,35,-5,105,15,41,5,29,5
814,Gzqa3NFsnp7VCf8yzeL8Nj,19,21,40,-2,40,2,120,-6,46,-2,34,-2
815,78DzSqZpiZrbjFdwEPYTT4,19,20,39,-1,39,1,117,-3,45,-1,33,-1
816,ZN2tZxBavtQqxUxcKXGoQP,19,24,43,-5,43,5,129,-15,49,-5,37,-5
817,LGmw43tA5kqxJNujUWwDQa,25,25,50,0,50,0,150,0,56,0,44,0
818,g98HzKGJJPKGFRh6tuhawN,25,25,50,0,50,0,150,0,56,0,44,0
819,SrdgiMQnuLh8Mk3KiNL6Ni,25,25,50,0,50,0,150,0,56,0,44,0
820,63SwpkzjJtshSuN2GX4YQG,25,25,50,0,50,0,150,0,56,0,44,0
821,eyUPYb5Kj2qguCjR4DKew3,25,25,50,0,50,0,150,0,56,0,44,0
822,SKwe25g7xoeRDeqT8ZGMUo,20,20,40,0,40,0,120,0,46,0,34,0
823,88TLPbvsRAnDiR9CkypT8p,20,10,30,10,30,-10,90,30,36,10,24,10
824,Jc7BC2tiRqgPEviRzykeDS,17,10,27,7,27,-7,81,21,33,7,21,7
825,QwpMfgRieH8EMmxYhp7EWF,29,10,39,19,39,-19,117,57,45,19,33,19
826,QD2TmRzE4fCEZVuz8QKTmL,25,10,35,15,35,-15,105,45,41,15,29,15
827,Ee7RKusZvZoxS9WkovjeXz,13,10,23,3,23,-3,69,9,29,3,17,3
828,YzEsqSUfHKHcsM9AcdTStq,12,13,25,-1,25,1,75,-3,31,-1,19,-1
829,LjCU59UgNcpZpCbZJCCwuk,13,10,23,3,23,-3,69,9,29,3,17,3
830,RftKVBthJNnadxqigmpSMg,13,10,23,3,23,-3,69,9,29,3,17,3
831,oBHFBZtBPvzQ9KVF82LRqM,28,10,38,18,38,-18,114,54,44,18,32,18
832,8eLy9XbaPverrwr72hWGGK,20,10,30,10,30,-10,90,30,36,10,24,10
833,jaAfmYbZR7mGqYSMzBBuRQ,16,10,26,6,26,-6,78,18,32,6,20,6
834,JtFKV9pP3FqAM9EtBJVbrM,16,10,26,6,26,-6,78,18,32,6,20,6
835,UjrNK8VXY63gVLCpzA9HDA,16,10,26,6,26,-6,78,18,32,6,20,6
836,ST7zfZo6MxxbTya753RXrT,16,10,26,6,26,-6,78,18,32,6,20,6
837,JKDmTrj9bhPW6UygGtWjNe,12,10,22,2,22,-2,66,6,28,2,16,2
838,fZXSxDJCAmycEsvjYxNEkV,17,10,27,7,27,-7,81,21,33,7,21,7
839,jdt966NoC8RHKdHdgdDEws,29,10,39,19,39,-19,117,57,45,19,33,19
840,cWGur7g7ZtVeJ9Yhd27nQv,25,10,35,15,35,-15,105,45,41,15,29,15
841,3WwGfEnMMWNMzQfyZ4opgd,21,21,42,0,42,0,126,0,48,0,36,0
842,VfjepjPLpwHGG6zGkzjRbc,26,10,36,16,36,-16,108,48,42,16,30,16
843,RHruziH4UntBPgPJWS45JZ,26,10,36,16,36,-16,108,48,42,16,30,16
844,PGfQLPJFMm7vFJPbtypLSh,26,10,36,16,36,-16,108,48,42,16,30,16
845,3kWLYdLSVh7FLzziXuGNTf,26,10,36,16,36,-16,108,48,42,16,30,16
846,TRfdm88hA46gGveqvuEKzw,26,26,52,0,52,0,156,0,58,0,46,0
847,Ln3z6ZC3YoSpzuPdKxbyH6,10,10,20,0,20,0,60,0,26,0,14,0
848,GAhFng7DenneuLmAkr5mtd,10,16,26,-6,26,6,78,-18,32,-6,20,-6
849,Hx2LJDtWbhgnPR7rJuQSM2,16,10,26,6,26,-6,78,18,32,6,20,6
850,9sXXewikSbb8vQwEKqhdTZ,16,10,26,6,26,-6,78,18,32,6,20,6
851,hsCzZcF2cUSxuvxifzrGyT,16,10,26,6,26,-6,78,18,32,6,20,6
852,nuuzKNTgeFVHbP6vHvfywt,19,10,29,9,29,-9,87,27,35,9,23,9
853,NAAaWwE6Yeg8b7NpdxrV32,18,10,28,8,28,-8,84,24,34,8,22,8
854,cnyvYr78WEsZZ3Cai9rGxL,18,24,42,-6,42,6,126,-18,48,-6,36,-6
855,4ijvSxZLCZ5JkNpDkuguqM,18,23,41,-5,41,5,123,-15,47,-5,35,-5
856,CvBEPrpXRT8gdAUbenRcku,18,23,41,-5,41,5,123,-15,47,-5,35,-5
857,XgHPTJDSSyR3wr36vyEPgX,16,16,32,0,32,0,96,0,38,0,26,0
858,fUJowAf9wbtVy5qPhqYSJW,16,16,32,0,32,0,96,0,38,0,26,0
859,EjtCLXdkD2WaDHjezEYUWA,16,16,32,0,32,0,96,0,38,0,26,0
860,KZHdyCymHCBbJpDVaA6Mtp,23,16,39,7,39,-7,117,21,45,7,33,7
861,gYQ5vSJP67uKRoyzz3hZdU,23,10,33,13,33,-13,99,39,39,13,27,13
862,RnzjcHUdzkghnXPevWUwFM,20,10,30,10,30,-10,90,30,36,10,24,10
863,RyJhfTXAWYSWGQpr6CoKhX,20,20,40,0,40,0,120,0,46,0,34,0
864,RURo4f2zGUMgoAsj7QQhkx,20,10,30,10,30,-10,90,30,36,10,24,10
865,Bv9oyZAwEDzs46i5FZDfi8,20,10,30,10,30,-10,90,30,36,10,24,10
866,cy3jnhpqdAS3iu3NT8QVS7,20,10,30,10,30,-10,90,30,36,10,24,10
867,KnM396R3kYtu7Y9xU36UJE,20,20,40,0,40,0,120,0,46,0,34,0
868,khbokprciSkUHJKbXuFGjz,10,10,20,0,20,0,60,0,26,0,14,0
869,aH5F8PUkERXCD2A5VDubK4,10,10,20,0,20,0,60,0,26,0,14,0
870,HLDLkEFavQVuvjn8sdiNZr,10,10,20,0,20,0,60,0,26,0,14,0
871,AjEiha6mEJR8twBWot3jCo,10,10,20,0,20,0,60,0,26,0,14,0
872,2mCxShXC666DXJKgWDpnku,20,25,45,-5,45,5,135,-15,51,-5,39,-5
873,kpDFSL3jey36GgihbbJe4r,12,25,37,-13,37,13,111,-39,43,-13,31,-13
874,B7w3rvcMFhsQtz5fXZpe2v,12,25,37,-13,37,13,111,-39,43,-13,31,-13
875,SDBwXjj5Lz9ryJSKdQGBa2,23,23,46,0,46,0,138,0,52,0,40,0
876,D4cCxE28ZxpVWDfEttFn9i,23,23,46,0,46,0,138,0,52,0,40,0
877,Xyc3iyz5pXQYytt8GfChQd,20,20,40,0,40,0,120,0,46,0,34,0
878,kWKJgqDKqq6w2tnKiDZrcG,20,15,35,5,35,-5,105,15,41,5,29,5
879,Ykgo2oqrmZWewCwiL5ZvDq,20,15,35,5,35,-5,105,15,41,5,29,5
880,QKDeDrUEAYqJPDKk7BJh4P,20,15,35,5,35,-5,105,15,41,5,29,5
881,LQzH5Kds5BfnCqNJv98wV7,20,15,35,5,35,-5,105,15,41,5,29,5
882,XfvpkJepTk2mtKZXxjZ89Q,20,18,38,2,38,-2,114,6,44,2,32,2
883,kq5XgA36RtC4ABeoVrGeZ9,20,18,38,2,38,-2,114,6,44,2,32,2
884,M9mpBwffwvFUADFjrFfHMA,20,18,38,2,38,-2,114,6,44,2,32,2
885,dLBEMjS68Vh2HWSwrGMyPH,20,18,38,2,38,-2,114,6,44,2,32,2
886,KMf2MMGwpvsWQg4BbMxoh9,20,18,38,2,38,-2,114,6,44,2,32,2
887,Xae6pbBL4Xg2zkpjMUSKa4,20,17,37,3,37,-3,111,9,43,3,31,3
888,Bi8MgiEgngcErDcnYC7TC7,20,17,37,3,37,-3,111,9,43,3,31,3
889,5Hv2kjGgmef3AYeXYPBiNe,20,17,37,3,37,-3,111,9,43,3,31,3
890,nedX8fibZ9j2E3axQiBBPj,20,17,37,3,37,-3,111,9,43,3,31,3
891,n664CWhwiomBENsdBJjqJH,17,17,34,0,34,0,102,0,40,0,28,0
892,5KwsGmtnDcYBAQJjx96axG,20,28,48,-8,48,8,144,-24,54,-8,42,-8
893,3rEU24TsF4Q3JhrdUvkDyr,20,20,40,0,40,0,120,0,46,0,34,0
894,4RtbJUnx5vXPZK6tV3HzGJ,18,16,34,2,34,-2,102,6,40,2,28,2
895,MqoMLCfbqH45BxQDpjQfjM,18,16,34,2,34,-2,102,6,40,2,28,2
896,hDkhZLBZc9U7nhbuJubK4Q,18,16,34,2,34,-2,102,6,40,2,28,2
897,bVTsiLG6uKZXdRKW3mgS46,20,10,30,10,30,-10,90,30,36,10,24,10
898,oQuQt78CgwbHgArBUXRBfX,20,20,40,0,40,0,120,0,46,0,34,0
899,QHVbgHAQkC98CQLoCapgwt,14,20,34,-6,34,6,102,-18,40,-6,28,-6
900,acuBCSCQivnbvrF2GM26uF,14,20,34,-6,34,6,102,-18,40,-6,28,-6
901,FCpYhbLvNSsxKCiFtCxQWE,14,20,34,-6,34,6,102,-18,40,-6,28,-6
902,TMhkx9DE4Jzoa523cUSkGb,20,10,30,10,30,-10,90,30,36,10,24,10
903,2wxqbmLkjVQuKg6qEGF7eV,20,26,46,-6,46,6,138,-18,52,-6,40,-6
904,43K8GJH9MnWpa3KqhXB5EL,20,20,40,0,40,0,120,0,46,0,34,0
905,FbTbSwsonVFZFj2pfKxLDY,10,10,20,0,20,0,60,0,26,0,14,0
906,AWVmhXXhonUP3pVFq5Mp95,11,20,31,-9,31,9,93,-27,37,-9,25,-9
907,bY3kDwH4NYRDzHADP47jsg,20,10,30,10,30,-10,90,30,36,10,24,10
908,NUMgTB6Df9geUkh8AFabQu,20,10,30,10,30,-10,90,30,36,10,24,10
909,i6KWjuaNTqJd3LFhn2JeWb,20,10,30,10,30,-10,90,30,36,10,24,10
910,8ib6Fn8fuSotsGumXBTfMm,20,10,30,10,30,-10,90,30,36,10,24,10
911,UWBAk93cdrtjRzhhWpmr5T,10,10,20,0,20,0,60,0,26,0,14,0
912,Xs9wapLnmF2jksPhmY8sTH,13,10,23,3,23,-3,69,9,29,3,17,3
913,VqJfT97fDHKez46T2DvL6Y,14,13,27,1,27,-1,81,3,33,1,21,1
914,Mfb4MwrLNmSVUpDqY7xYMS,16,13,29,3,29,-3,87,9,35,3,23,3
915,MjHyA63fMRAfNmwg7NrCfu,13,13,26,0,26,0,78,0,32,0,20,0
916,CfpyUsL9B5DHTCWunutqxs,13,11,24,2,24,-2,72,6,30,2,18,2
917,RSVuHFLxZZiJeqrSN3Jw5b,20,20,40,0,40,0,120,0,46,0,34,0
918,BMPRKjs38ZPQ67AJGYJYKH,20,10,30,10,30,-10,90,30,36,10,24,10
919,NfKVvkvgbaqF4umuK7ZxFN,28,10,38,18,38,-18,114,54,44,18,32,18
920,9KYBbZrp63w9v7jFbv4JHX,20,10,30,10,30,-10,90,30,36,10,24,10
921,X5BYS8XNSKstaNyCoHuEZh,17,10,27,7,27,-7,81,21,33,7,21,7
922,EZgU7otb3jmMxD6nJH7dYw,20,20,40,0,40,0,120,0,46,0,34,0
923,5Lj9yE2URUWMeHgX3moiNU,20,26,46,-6,46,6,138,-18,52,-6,40,-6
924,Z6qKez7A4PUF8KFpA73LnF,20,26,46,-6,46,6,138,-18,52,-6,40,-6
925,T65jFWEcsz9d7rBFabD4vy,20,26,46,-6,46,6,138,-18,52,-6,40,-6
926,gWNmBSaRwnSm5tuofukyDR,28,26,54,2,54,-2,162,6,60,2,48,2
927,SdvicHAdBtiKRYMkV5ZX5o,20,20,40,0,40,0,120,0,46,0,34,0
928,W2RynpAVnG79SiBA36ZHNA,20,20,40,0,40,0,120,0,46,0,34,0
929,hgn4rR5nSzYRU7EJMZTPKL,20,20,40,0,40,0,120,0,46,0,34,0
930,6PS3dTTn9Ej5MnMMLVY47w,15,20,35,-5,35,5,105,-15,41,-5,29,-5
931,aPu4PjHktnEQrDazmTARte,25,25,50,0,50,0,150,0,56,0,44,0
932,WfTANbYWgX6b5nSW3ie8fT,28,10,38,18,38,-18,114,54,44,18,32,18
933,oSKCiLWBvHXVStZTVDcvRj,28,10,38,18,38,-18,114,54,44,18,32,18
934,QEs9KPbx7hgVEbsRLUVtzF,28,10,38,18,38,-18,114,54,44,18,32,18
935,iS5NUvAczrpRshbUvdJpuu,28,10,38,18,38,-18,114,54,44,18,32,18
936,BUr8jEAM95URaatTkYv7s6,28,10,38,18,38,-18,114,54,44,18,32,18
937,SS3vuVBJGrVu3xHnthe6zk,10,10,20,0,20,0,60,0,26,0,14,0
938,cz8VPKTQgUSdXP66w2Lfp9,10,10,20,0,20,0,60,0,26,0,14,0
939,VXPCmMzVdhuEJZLps4mU9E,10,10,20,0,20,0,60,0,26,0,14,0
940,gBLa5RPvTE2hrn53nzt5Jp,10,10,20,0,20,0,60,0,26,0,14,0
941,MDNsYDSDDmdvR9TiHuZkTt,10,10,20,0,20,0,60,0,26,0,14,0
942,PfkW3sZhLzCtyqbx3NoDno,24,10,34,14,34,-14,102,42,40,14,28,14
943,5NoMmyJkZPe4fi8ApzR4eB,10,10,20,0,20,0,60,0,26,0,14,0
944,UccWvK6N6EVLfF8R7G8vz6,19,10,29,9,29,-9,87,27,35,9,23,9
945,EKTdhaGZzUpTRpm5H3ickD,19,10,29,9,29,-9,87,27,35,9,23,9
946,5ptjvgASHfBVpg9oativjk,10,10,20,0,20,0,60,0,26,0,14,0
947,V7ZSKATf4SdtQmNKtXTk7t,20,10,30,10,30,-10,90,30,36,10,24,10
948,2LdtZ7aFZZbA4b9tenHfF4,20,10,30,10,30,-10,90,30,36,10,24,10
949,F9PUy56NGRZ8XeRwmGJxSL,20,20,40,0,40,0,120,0,46,0,34,0
950,CgSnpdHfQuH9iNiSQ4g4dX,12,10,22,2,22,-2,66,6,28,2,16,2
951,cYNZzTC7TdTEUXbHz6vUkm,12,12,24,0,24,0,72,0,30,0,18,0
952,gvc9GAmgGxBosDp3WLRTLq,18,10,28,8,28,-8,84,24,34,8,22,8
953,cj3kVsccK4dBqceHz3yyt3,29,10,39,19,39,-19,117,57,45,19,33,19
954,8kbbT5C32G2AAmUL6aM6z3,29,10,39,19,39,-19,117,57,45,19,33,19
955,j3E8fykHQSqUWELvYeotHf,20,29,49,-9,49,9,147,-27,55,-9,43,-9
956,aya2nhfDjE9r7zv3ey7B2F,14,20,34,-6,34,6,102,-18,40,-6,28,-6
957,7vcRmfxNaqUkLS2XZwry2u,12,10,22,2,22,-2,66,6,28,2,16,2
958,22dJUNCbKZuiCX2xesU6pq,12,10,22,2,22,-2,66,6,28,2,16,2
959,Es7AXmuEDtnX3S5TRveBJw,28,12,40,16,40,-16,120,48,46,16,34,16
960,GfrBTiRrqGznxLbwGLB6Bh,29,12,41,17,41,-17,123,51,47,17,35,17
961,3xVq5zssTU26EEHVKK2U2G,29,16,45,13,45,-13,135,39,51,13,39,13
962,mbSzk4HFz5jHVhDp3AaRDv,20,20,40,0,40,0,120,0,46,0,34,0
963,BCe5YSqU4pFKKK625RBvV5,20,20,40,0,40,0,120,0,46,0,34,0
964,BMoYqb4MxbBVnNTb8G9fKY,25,25,50,0,50,0,150,0,56,0,44,0
965,UvruPGgSPgpMrCT5iuWdYt,25,25,50,0,50,0,150,0,56,0,44,0
966,bnGwGhEqLe24y3Tj9LjuF4,25,25,50,0,50,0,150,0,56,0,44,0
967,jmNt6Yx7PZn5nhuCJQXuBi,25,25,50,0,50,0,150,0,56,0,44,0
968,2TPKoUqU2dmAKmzVLHmhAJ,25,16,41,9,41,-9,123,27,47,9,35,9
969,DactaYnvG8eMai7EKk7Jss,25,16,41,9,41,-9,123,27,47,9,35,9
970,hAo7yUEQXDvogCpZxCxx8C,25,20,45,5,45,-5,135,15,51,5,39,5
971,RdxkNSrCXj9VrSSyop6fWb,25,20,45,5,45,-5,135,15,51,5,39,5
972,3gtjc7ShA7yGcZMHkFWYon,25,25,50,0,50,0,150,0,56,0,44,0
973,Sa4J2AxMZW7fDrbkHtyyPr,15,25,40,-10,40,10,120,-30,46,-10,34,-10
974,VfPPtCWBo7nAAysDDnvih8,15,25,40,-10,40,10,120,-30,46,-10,34,-10
975,aYBpndhtdsQuiveHFhYCCY,15,25,40,-10,40,10,120,-30,46,-10,34,-10
976,KEJP2HGFgVNVDGLUJ7gBHi,25,25,50,0,50,0,150,0,56,0,44,0
977,QUnzgx3j6bnqqnrZdictYK,20,25,45,-5,45,5,135,-15,51,-5,39,-5
978,3k3gQNhkfb4RwpkuhLfYmX,20,25,45,-5,45,5,135,-15,51,-5,39,-5
979,kxmuVUMsPoDe6uNtYwXMub,25,25,50,0,50,0,150,0,56,0,44,0
980,c5BZtEVoqDvRHwuNjrDpwM,25,25,50,0,50,0,150,0,56,0,44,0
981,dv5vin5z7KZwvxSQ4AHMoP,25,25,50,0,50,0,150,0,56,0,44,0
982,Hvg6TqUnqFvmV9j5bSbqUB,20,10,30,10,30,-10,90,30,36,10,24,10
983,afiUAdAeMwadtjAoQDWGZY,25,10,35,15,35,-15,105,45,41,15,29,15
984,ABc3QZpCrJU8pCLct7Q2sq,23,10,33,13,33,-13,99,39,39,13,27,13
985,ij2WAqMAKEeqMUo6kNLwC7,23,10,33,13,33,-13,99,39,39,13,27,13
986,3HnpCyYsTJ2G8jfRJmzYgU,23,10,33,13,33,-13,99,39,39,13,27,13
987,UupgWxiicHcMAmPz4UxwYf,16,10,26,6,26,-6,78,18,32,6,20,6
988,Db8QiDZ4dw2h8RmFimnHgu,16,10,26,6,26,-6,78,18,32,6,20,6
989,mQh8bbKrL3XuDzvoMA9iFs,16,10,26,6,26,-6,78,18,32,6,20,6
990,eND2z3fQfdHhwcpdUTGELE,28,10,38,18,38,-18,114,54,44,18,32,18
991,aEp7MYeyzZbrvBe99WxriW,28,28,56,0,56,0,168,0,62,0,50,0
992,KDUSAh7Lkr8Px4wradZfmJ,20,10,30,10,30,-10,90,30,36,10,24,10
993,CUpTsoGWLYuJ2AkrCkxfKU,20,20,40,0,40,0,120,0,46,0,34,0
994,Y7YgKgG3KG6nRMyHpAy4mh,20,20,40,0,40,0,120,0,46,0,34,0
995,5o3G787oR8McjJ5hJj8XYj,20,20,40,0,40,0,120,0,46,0,34,0
996,7c6Kb2xJJJPqtrL3qTZ3ft,23,20,43,3,43,-3,129,9,49,3,37,3
997,ceizgZydYkXbNYTBXGLBiH,20,20,40,0,40,0,120,0,46,0,34,0
998,ARSfsYZWureN64neTuawHz,18,20,38,-2,38,2,114,-6,44,-2,32,-2
999,eBFckHupcpE8Jh9irWSP78,20,10,30,10,30,-10,90,30,36,10,24,10
